0 0.607813 0.353125 0.607813 0.357812 0.604688 0.360938 0.603125 0.360938 0.598437 0.365625 0.598437 0.367188 0.595312 0.370313 0.595312 0.371875 0.590625 0.376563 0.584375 0.376563 0.584375 0.403125 0.589063 0.403125 0.595312 0.409375 0.595312 0.410937 0.6 0.415625 0.601562 0.415625 0.604688 0.41875 0.60625 0.41875 0.609375 0.421875 0.6125 0.421875 0.623438 0.432813 0.623438 0.434375 0.625 0.435937 0.626562 0.435937 0.628125 0.4375 0.629687 0.435937 0.63125 0.435937 0.635938 0.43125 0.635938 0.429688 0.6375 0.428125 0.6375 0.425 0.639063 0.423438 0.639063 0.421875 0.642187 0.41875 0.64375 0.41875 0.645312 0.417188 0.648438 0.417188 0.65 0.415625 0.651563 0.415625 0.659375 0.407813 0.659375 0.404687 0.660937 0.403125 0.660937 0.395312 0.6625 0.39375 0.6625 0.389062 0.665625 0.385938 0.670313 0.385938 0.670313 0.376563 0.665625 0.376563 0.664062 0.375 0.664062 0.373437 0.6625 0.371875 0.6625 0.370313 0.659375 0.367188 0.657812 0.367188 0.65625 0.365625 0.653125 0.365625 0.651563 0.364062 0.65 0.364062 0.64375 0.357812 0.64375 0.353125 0.855455
0 0.445312 0.471875 0.445312 0.478125 0.44375 0.479688 0.442187 0.479688 0.440625 0.48125 0.439063 0.48125 0.4375 0.482812 0.435937 0.482812 0.432813 0.485938 0.428125 0.485938 0.428125 0.532812 0.434375 0.532812 0.435937 0.534375 0.4375 0.534375 0.439063 0.535937 0.440625 0.535937 0.442187 0.5375 0.44375 0.5375 0.446875 0.540625 0.45 0.540625 0.451562 0.542188 0.45625 0.542188 0.457812 0.540625 0.4625 0.540625 0.464063 0.539062 0.473437 0.539062 0.475 0.5375 0.478125 0.5375 0.479688 0.535937 0.48125 0.535937 0.484375 0.532812 0.485938 0.532812 0.495313 0.523438 0.495313 0.521875 0.496875 0.520312 0.496875 0.517187 0.498437 0.515625 0.498437 0.495313 0.496875 0.49375 0.496875 0.492188 0.492188 0.4875 0.492188 0.485938 0.4875 0.48125 0.485938 0.48125 0.482812 0.478125 0.48125 0.478125 0.479688 0.476562 0.479688 0.471875 0.853389
0 0.132812 0.946875 0.132812 0.951563 0.128125 0.95625 0.126563 0.95625 0.125 0.957812 0.125 0.959375 0.120312 0.964063 0.115625 0.964063 0.115625 0.998438 0.18125 0.998438 0.18125 0.996875 0.184375 0.99375 0.1875 0.99375 0.189063 0.992188 0.189063 0.989062 0.1875 0.9875 0.1875 0.984375 0.185937 0.982813 0.185937 0.98125 0.184375 0.979688 0.184375 0.978125 0.179688 0.973437 0.179688 0.971875 0.178125 0.970312 0.178125 0.96875 0.176563 0.967188 0.176563 0.964063 0.173438 0.960938 0.173438 0.959375 0.165625 0.951563 0.165625 0.946875 0.850746
0 0.015625 0.746875 0.015625 0.751562 0.0125 0.754687 0.003125 0.754687 0.003125 0.810938 0.0078125 0.810938 0.009375 0.8125 0.0109375 0.8125 0.0125 0.814062 0.0140625 0.814062 0.01875 0.81875 0.0203125 0.81875 0.0234375 0.821875 0.0234375 0.826563 0.028125 0.826563 0.028125 0.821875 0.03125 0.81875 0.034375 0.81875 0.0359375 0.817187 0.0375 0.817187 0.0421875 0.8125 0.0421875 0.810938 0.04375 0.809375 0.04375 0.807813 0.0453125 0.80625 0.0453125 0.803125 0.046875 0.801562 0.046875 0.8 0.0484375 0.798437 0.0484375 0.796875 0.05 0.795313 0.05 0.790625 0.0515625 0.789062 0.0515625 0.775 0.053125 0.773438 0.053125 0.767187 0.0546875 0.765625 0.0515625 0.7625 0.0515625 0.760938 0.046875 0.75625 0.0453125 0.75625 0.04375 0.754687 0.0421875 0.754687 0.0390625 0.751562 0.0390625 0.746875 0.844373
0 0.148438 0.646875 0.148438 0.651563 0.145313 0.654688 0.14375 0.654688 0.140625 0.657812 0.1375 0.657812 0.135937 0.659375 0.134375 0.659375 0.13125 0.6625 0.129688 0.6625 0.128125 0.664062 0.126563 0.664062 0.125 0.665625 0.123438 0.665625 0.121875 0.667188 0.120312 0.667188 0.115625 0.671875 0.109375 0.671875 0.109375 0.69375 0.114063 0.69375 0.115625 0.695312 0.117188 0.695312 0.121875 0.7 0.121875 0.701563 0.123438 0.703125 0.123438 0.7125 0.129688 0.71875 0.13125 0.71875 0.134375 0.721875 0.1375 0.721875 0.139062 0.723437 0.140625 0.723437 0.142188 0.721875 0.15 0.721875 0.151562 0.720312 0.153125 0.720312 0.15625 0.717188 0.157813 0.717188 0.159375 0.715625 0.160938 0.715625 0.1625 0.714063 0.164062 0.714063 0.165625 0.7125 0.167187 0.7125 0.170312 0.709375 0.171875 0.709375 0.176563 0.704687 0.176563 0.7 0.178125 0.698438 0.178125 0.695312 0.179688 0.69375 0.179688 0.692187 0.184375 0.6875 0.189063 0.6875 0.189063 0.678125 0.184375 0.678125 0.182812 0.676562 0.18125 0.676562 0.175 0.670313 0.175 0.66875 0.173438 0.667188 0.173438 0.665625 0.170312 0.6625 0.170312 0.660937 0.164062 0.654688 0.1625 0.654688 0.159375 0.651563 0.159375 0.646875 0.828803
0 0.682813 0.096875 0.682813 0.103125 0.68125 0.104687 0.679688 0.104687 0.66875 0.115625 0.66875 0.129688 0.667188 0.13125 0.667188 0.135937 0.664062 0.139062 0.659375 0.139062 0.659375 0.151562 0.664062 0.151562 0.670313 0.157813 0.670313 0.159375 0.671875 0.159375 0.676562 0.164062 0.6875 0.164062 0.689062 0.1625 0.692187 0.1625 0.69375 0.164062 0.696875 0.164062 0.698438 0.1625 0.703125 0.1625 0.70625 0.159375 0.707812 0.159375 0.709375 0.157813 0.710938 0.157813 0.7125 0.15625 0.714063 0.15625 0.714063 0.154687 0.71875 0.15 0.71875 0.148438 0.720312 0.146875 0.720312 0.145313 0.73125 0.134375 0.732813 0.134375 0.734375 0.132812 0.735937 0.132812 0.735937 0.13125 0.7375 0.129688 0.7375 0.126563 0.73125 0.120312 0.729688 0.120312 0.715625 0.10625 0.715625 0.104687 0.714063 0.103125 0.714063 0.096875 0.825357
0 0.779688 0.484375 0.779688 0.490625 0.770312 0.5 0.765625 0.5 0.765625 0.573438 0.770312 0.573438 0.778125 0.58125 0.779688 0.58125 0.78125 0.582812 0.784375 0.582812 0.785937 0.584375 0.7875 0.584375 0.789062 0.585938 0.795313 0.585938 0.796875 0.5875 0.803125 0.5875 0.804688 0.585938 0.809375 0.585938 0.810938 0.584375 0.814062 0.584375 0.815625 0.582812 0.820312 0.582812 0.821875 0.58125 0.829687 0.58125 0.83125 0.579687 0.839063 0.579687 0.840625 0.578125 0.84375 0.578125 0.846875 0.575 0.848437 0.575 0.854688 0.56875 0.854688 0.567187 0.85625 0.565625 0.85625 0.564062 0.857813 0.5625 0.857813 0.560938 0.859375 0.559375 0.859375 0.557813 0.8625 0.554688 0.8625 0.553125 0.865625 0.55 0.870313 0.55 0.870313 0.532812 0.864062 0.532812 0.860937 0.529688 0.859375 0.529688 0.85 0.520312 0.85 0.517187 0.848437 0.515625 0.848437 0.5125 0.846875 0.510938 0.846875 0.509375 0.84375 0.50625 0.842188 0.50625 0.832812 0.496875 0.832812 0.495313 0.83125 0.49375 0.83125 0.492188 0.829687 0.490625 0.829687 0.484375 0.824836
0 0.848437 0.603125 0.848437 0.607813 0.846875 0.609375 0.846875 0.610937 0.842188 0.615625 0.842188 0.617188 0.840625 0.61875 0.840625 0.620313 0.839063 0.621875 0.834375 0.621875 0.834375 0.678125 0.840625 0.678125 0.842188 0.679688 0.842188 0.68125 0.84375 0.682813 0.845312 0.682813 0.848437 0.685938 0.85 0.685938 0.851562 0.6875 0.854688 0.6875 0.85625 0.689062 0.857813 0.689062 0.859375 0.690625 0.859375 0.695312 0.86875 0.695312 0.86875 0.690625 0.870313 0.689062 0.871875 0.689062 0.873438 0.6875 0.875 0.6875 0.876562 0.685938 0.88125 0.685938 0.882812 0.684375 0.8875 0.684375 0.89375 0.678125 0.89375 0.676562 0.898438 0.671875 0.9 0.671875 0.90625 0.665625 0.90625 0.664062 0.907812 0.6625 0.907812 0.660937 0.909375 0.659375 0.909375 0.657812 0.910937 0.65625 0.910937 0.654688 0.9125 0.653125 0.9125 0.65 0.914062 0.648438 0.914062 0.646875 0.915625 0.645312 0.920313 0.645312 0.920313 0.632812 0.915625 0.632812 0.909375 0.626562 0.909375 0.625 0.903125 0.61875 0.901563 0.61875 0.898438 0.615625 0.896875 0.615625 0.895312 0.614062 0.89375 0.614062 0.892187 0.6125 0.890625 0.6125 0.889063 0.610937 0.8875 0.610937 0.885938 0.609375 0.885938 0.603125 0.821589
0 0.375 0.640625 0.375 0.645312 0.371875 0.648438 0.370313 0.648438 0.365625 0.653125 0.359375 0.653125 0.359375 0.6875 0.364062 0.6875 0.36875 0.692187 0.36875 0.696875 0.370313 0.698438 0.370313 0.7 0.373437 0.703125 0.375 0.703125 0.376563 0.704687 0.378125 0.704687 0.379687 0.70625 0.38125 0.70625 0.384375 0.709375 0.385938 0.709375 0.389062 0.7125 0.396875 0.7125 0.401563 0.707812 0.403125 0.707812 0.404687 0.70625 0.40625 0.70625 0.407813 0.704687 0.409375 0.704687 0.414062 0.7 0.415625 0.7 0.421875 0.69375 0.421875 0.692187 0.425 0.689062 0.423438 0.6875 0.423438 0.68125 0.421875 0.679688 0.421875 0.676562 0.423438 0.675 0.423438 0.673437 0.425 0.671875 0.425 0.66875 0.428125 0.665625 0.432813 0.665625 0.432813 0.664062 0.428125 0.664062 0.426562 0.6625 0.426562 0.660937 0.425 0.659375 0.425 0.65625 0.414062 0.645312 0.414062 0.640625 0.817298
0 0.939062 0.596875 0.939062 0.604688 0.935938 0.607813 0.935938 0.609375 0.932813 0.6125 0.928125 0.6125 0.928125 0.642187 0.932813 0.642187 0.934375 0.64375 0.935938 0.64375 0.9375 0.645312 0.939062 0.645312 0.942187 0.648438 0.94375 0.648438 0.945312 0.65 0.948438 0.65 0.95 0.651563 0.954687 0.651563 0.95625 0.65 0.960938 0.65 0.9625 0.648438 0.967188 0.648438 0.96875 0.646875 0.973437 0.646875 0.975 0.645312 0.978125 0.645312 0.98125 0.642187 0.982813 0.642187 0.9875 0.6375 0.9875 0.635938 0.989062 0.634375 0.995313 0.634375 0.995313 0.628125 0.990625 0.628125 0.989062 0.626562 0.989062 0.617188 0.9875 0.615625 0.9875 0.610937 0.985937 0.609375 0.984375 0.609375 0.98125 0.60625 0.979688 0.60625 0.975 0.601562 0.975 0.596875 0.816614
0 0.1875 0.490625 0.1875 0.495313 0.185937 0.496875 0.184375 0.496875 0.18125 0.5 0.179688 0.5 0.179688 0.501562 0.178125 0.503125 0.179688 0.504687 0.179688 0.509375 0.176563 0.5125 0.171875 0.5125 0.171875 0.534375 0.178125 0.534375 0.18125 0.5375 0.182812 0.5375 0.185937 0.540625 0.185937 0.542188 0.1875 0.54375 0.1875 0.545313 0.189063 0.546875 0.1875 0.548437 0.1875 0.564062 0.20625 0.564062 0.20625 0.559375 0.209375 0.55625 0.210938 0.55625 0.215625 0.551562 0.217187 0.551562 0.21875 0.55 0.221875 0.55 0.225 0.546875 0.226562 0.546875 0.229687 0.54375 0.23125 0.54375 0.232812 0.542188 0.234375 0.542188 0.2375 0.539062 0.2375 0.5375 0.242188 0.532812 0.242188 0.507812 0.240625 0.50625 0.240625 0.504687 0.235938 0.5 0.235938 0.498437 0.232812 0.495313 0.232812 0.490625 0.816114
0 0.675 0.703125 0.675 0.707812 0.673437 0.709375 0.673437 0.710938 0.670313 0.714063 0.670313 0.715625 0.66875 0.717188 0.66875 0.71875 0.667188 0.720312 0.667188 0.723437 0.664062 0.726562 0.659375 0.726562 0.659375 0.75 0.664062 0.75 0.66875 0.754687 0.670313 0.754687 0.676562 0.760938 0.689062 0.760938 0.690625 0.759375 0.695312 0.759375 0.696875 0.757812 0.703125 0.757812 0.704687 0.75625 0.707812 0.75625 0.709375 0.754687 0.710938 0.754687 0.7125 0.753125 0.7125 0.751562 0.71875 0.745313 0.71875 0.74375 0.720312 0.742188 0.720312 0.740625 0.721875 0.739062 0.721875 0.734375 0.723437 0.732813 0.723437 0.71875 0.717188 0.7125 0.715625 0.7125 0.710938 0.707812 0.710938 0.703125 0.813772
0 0.729688 0.134375 0.729688 0.140625 0.71875 0.151562 0.71875 0.153125 0.715625 0.15625 0.715625 0.157813 0.707812 0.165625 0.703125 0.165625 0.703125 0.192188 0.710938 0.192188 0.7125 0.19375 0.714063 0.19375 0.715625 0.195312 0.721875 0.195312 0.723437 0.196875 0.728125 0.196875 0.729688 0.198437 0.732813 0.198437 0.734375 0.2 0.7375 0.2 0.740625 0.203125 0.740625 0.207813 0.75 0.207813 0.75 0.203125 0.753125 0.2 0.754687 0.2 0.757812 0.196875 0.759375 0.196875 0.764063 0.192188 0.765625 0.192188 0.775 0.182812 0.775 0.18125 0.778125 0.178125 0.782812 0.178125 0.782812 0.167187 0.778125 0.167187 0.776563 0.165625 0.776563 0.164062 0.775 0.1625 0.775 0.160938 0.771875 0.157813 0.771875 0.15625 0.7625 0.146875 0.760938 0.146875 0.75625 0.142188 0.75625 0.140625 0.754687 0.139062 0.754687 0.134375 0.800681
0 0.165625 0.571875 0.165625 0.578125 0.164062 0.579687 0.1625 0.579687 0.160938 0.58125 0.151562 0.58125 0.15 0.582812 0.148438 0.582812 0.146875 0.584375 0.145313 0.584375 0.142188 0.5875 0.140625 0.5875 0.139062 0.589063 0.134375 0.589063 0.134375 0.615625 0.140625 0.615625 0.14375 0.61875 0.14375 0.620313 0.146875 0.623438 0.146875 0.625 0.15 0.628125 0.15 0.629687 0.153125 0.632812 0.153125 0.634375 0.154687 0.634375 0.164062 0.64375 0.167187 0.64375 0.16875 0.642187 0.171875 0.642187 0.173438 0.640625 0.175 0.640625 0.176563 0.639063 0.179688 0.639063 0.18125 0.6375 0.182812 0.6375 0.184375 0.635938 0.1875 0.635938 0.189063 0.634375 0.190625 0.634375 0.192188 0.632812 0.195312 0.632812 0.201562 0.626562 0.201562 0.625 0.203125 0.623438 0.203125 0.620313 0.204688 0.61875 0.204688 0.603125 0.203125 0.601562 0.203125 0.596875 0.196875 0.590625 0.196875 0.589063 0.190625 0.582812 0.190625 0.58125 0.189063 0.579687 0.189063 0.571875 0.80006
0 0.301562 0.928125 0.301562 0.942187 0.3 0.94375 0.3 0.948438 0.298438 0.95 0.298438 0.959375 0.295312 0.9625 0.290625 0.9625 0.290625 0.99375 0.296875 0.99375 0.3 0.996875 0.3 0.998438 0.345313 0.998438 0.345313 0.995313 0.348437 0.992188 0.35 0.992188 0.354688 0.9875 0.354688 0.985937 0.35625 0.984375 0.357812 0.984375 0.359375 0.982813 0.359375 0.98125 0.360938 0.979688 0.360938 0.978125 0.367188 0.971875 0.36875 0.971875 0.370313 0.970312 0.370313 0.96875 0.373437 0.965625 0.373437 0.959375 0.36875 0.954687 0.36875 0.953125 0.3625 0.946875 0.360938 0.946875 0.359375 0.945312 0.359375 0.94375 0.354688 0.939062 0.354688 0.9375 0.353125 0.935938 0.353125 0.928125 0.33125 0.928125 0.33125 0.932813 0.329688 0.934375 0.329688 0.935938 0.326562 0.939062 0.325 0.939062 0.323438 0.940625 0.321875 0.940625 0.320312 0.942187 0.317187 0.939062 0.315625 0.939062 0.3125 0.935938 0.310937 0.935938 0.307813 0.932813 0.307813 0.928125 0.79833
0 0.221875 0.671875 0.221875 0.676562 0.220313 0.678125 0.21875 0.678125 0.217187 0.679688 0.2125 0.679688 0.207813 0.684375 0.20625 0.684375 0.203125 0.6875 0.201562 0.6875 0.195312 0.69375 0.190625 0.69375 0.190625 0.723437 0.196875 0.723437 0.2 0.726562 0.203125 0.726562 0.204688 0.728125 0.209375 0.728125 0.210938 0.726562 0.221875 0.726562 0.223438 0.728125 0.223438 0.729688 0.23125 0.7375 0.239063 0.7375 0.242188 0.734375 0.242188 0.732813 0.24375 0.73125 0.24375 0.728125 0.245312 0.726562 0.245312 0.723437 0.246875 0.721875 0.246875 0.720312 0.248437 0.71875 0.248437 0.717188 0.25 0.715625 0.25 0.714063 0.251563 0.7125 0.251563 0.710938 0.253125 0.709375 0.253125 0.7 0.251563 0.698438 0.251563 0.695312 0.25 0.69375 0.25 0.692187 0.246875 0.689062 0.246875 0.6875 0.245312 0.685938 0.245312 0.684375 0.24375 0.682813 0.24375 0.679688 0.242188 0.678125 0.242188 0.671875 0.792304
0 0.375 0.515625 0.375 0.520312 0.373437 0.521875 0.373437 0.523438 0.364062 0.532812 0.364062 0.534375 0.357812 0.540625 0.353125 0.540625 0.353125 0.5875 0.357812 0.5875 0.359375 0.589063 0.360938 0.589063 0.3625 0.590625 0.365625 0.590625 0.367188 0.592188 0.370313 0.592188 0.371875 0.59375 0.379687 0.59375 0.38125 0.595312 0.382812 0.595312 0.384375 0.596875 0.385938 0.596875 0.389062 0.6 0.390625 0.6 0.392188 0.601562 0.398438 0.601562 0.4 0.6 0.403125 0.6 0.404687 0.598437 0.407813 0.598437 0.409375 0.596875 0.410937 0.596875 0.425 0.582812 0.426562 0.582812 0.426562 0.58125 0.429688 0.578125 0.429688 0.560938 0.43125 0.559375 0.429688 0.557813 0.429688 0.553125 0.428125 0.551562 0.428125 0.55 0.425 0.546875 0.425 0.545313 0.417188 0.5375 0.415625 0.5375 0.40625 0.528125 0.40625 0.526563 0.401563 0.521875 0.401563 0.515625 0.790993
0 0.398438 0.809375 0.398438 0.814062 0.395312 0.817187 0.39375 0.817187 0.390625 0.820312 0.384375 0.820312 0.384375 0.83125 0.390625 0.83125 0.392188 0.832812 0.392188 0.839063 0.390625 0.840625 0.384375 0.840625 0.384375 0.860937 0.390625 0.860937 0.392188 0.8625 0.395312 0.8625 0.396875 0.864062 0.4 0.864062 0.401563 0.865625 0.407813 0.865625 0.409375 0.867188 0.410937 0.867188 0.4125 0.86875 0.415625 0.86875 0.421875 0.875 0.429688 0.875 0.432813 0.871875 0.434375 0.871875 0.445312 0.860937 0.445312 0.859375 0.448438 0.85625 0.448438 0.853125 0.45 0.851562 0.45 0.8375 0.448438 0.835938 0.448438 0.834375 0.446875 0.832812 0.446875 0.83125 0.435937 0.820312 0.435937 0.81875 0.434375 0.817187 0.432813 0.817187 0.43125 0.815625 0.43125 0.809375 0.788797
0 0.714063 0.107813 0.709375 0.107813 0.709375 0.114063 0.715625 0.114063 0.715625 0.109375 0.714063 0.107813 0.717188 0.0921875 0.721875 0.0921875 0.723437 0.09375 0.729688 0.09375 0.73125 0.0953125 0.735937 0.0953125 0.7375 0.096875 0.74375 0.096875 0.745313 0.0984375 0.753125 0.0984375 0.754687 0.1 0.759375 0.1 0.764063 0.0953125 0.764063 0.09375 0.765625 0.0921875 0.765625 0.090625 0.767187 0.0890625 0.767187 0.0875 0.76875 0.0859375 0.76875 0.0703125 0.771875 0.0671875 0.771875 0.0640625 0.773438 0.0625 0.773438 0.05625 0.771875 0.0546875 0.771875 0.053125 0.770312 0.0515625 0.770312 0.0484375 0.76875 0.046875 0.76875 0.040625 0.720312 0.040625 0.720312 0.0453125 0.715625 0.05 0.709375 0.05 0.709375 0.0765625 0.715625 0.0765625 0.717188 0.078125 0.717188 0.08125 0.71875 0.0828125 0.71875 0.084375 0.717188 0.0859375 0.717188 0.0875 0.715625 0.0890625 0.715625 0.090625 0.717188 0.0921875 0.78399
0 0.65 0.503125 0.65 0.507812 0.648438 0.509375 0.646875 0.509375 0.645312 0.510938 0.64375 0.510938 0.640625 0.514063 0.639063 0.514063 0.639063 0.515625 0.6375 0.517187 0.6375 0.528125 0.635938 0.529688 0.635938 0.53125 0.632812 0.534375 0.628125 0.534375 0.628125 0.578125 0.634375 0.578125 0.646875 0.590625 0.648438 0.590625 0.65 0.592188 0.651563 0.592188 0.653125 0.59375 0.671875 0.59375 0.673437 0.592188 0.679688 0.592188 0.68125 0.590625 0.684375 0.590625 0.690625 0.584375 0.690625 0.582812 0.69375 0.579687 0.69375 0.578125 0.695312 0.576563 0.695312 0.573438 0.696875 0.571875 0.696875 0.567187 0.698438 0.565625 0.698438 0.5625 0.7 0.560938 0.7 0.559375 0.701563 0.557813 0.701563 0.55625 0.703125 0.554688 0.707812 0.554688 0.707812 0.5375 0.703125 0.5375 0.7 0.534375 0.7 0.532812 0.696875 0.529688 0.696875 0.528125 0.692187 0.523438 0.692187 0.521875 0.690625 0.520312 0.690625 0.5125 0.689062 0.510938 0.689062 0.503125 0.783679
0 0.09375 0.865625 0.09375 0.870313 0.090625 0.873438 0.084375 0.873438 0.084375 0.910937 0.090625 0.910937 0.0921875 0.9125 0.0921875 0.914062 0.096875 0.91875 0.0984375 0.91875 0.1 0.920313 0.101562 0.920313 0.103125 0.921875 0.104687 0.921875 0.10625 0.923437 0.107813 0.923437 0.109375 0.925 0.110937 0.925 0.1125 0.926562 0.114063 0.926562 0.115625 0.928125 0.11875 0.928125 0.120312 0.929688 0.128125 0.929688 0.129688 0.928125 0.132812 0.928125 0.134375 0.926562 0.135937 0.926562 0.1375 0.925 0.139062 0.925 0.142188 0.921875 0.142188 0.920313 0.14375 0.91875 0.14375 0.917188 0.145313 0.915625 0.145313 0.914062 0.146875 0.9125 0.146875 0.910937 0.148438 0.909375 0.148438 0.90625 0.146875 0.904688 0.146875 0.903125 0.145313 0.901563 0.145313 0.890625 0.14375 0.889063 0.14375 0.8875 0.132812 0.876562 0.13125 0.876562 0.129688 0.875 0.128125 0.875 0.126563 0.873438 0.125 0.873438 0.121875 0.870313 0.121875 0.865625 0.776545
0 0.590625 0.634375 0.590625 0.639063 0.582812 0.646875 0.578125 0.646875 0.578125 0.696875 0.584375 0.696875 0.585938 0.698438 0.585938 0.7 0.590625 0.704687 0.590625 0.70625 0.592188 0.707812 0.59375 0.707812 0.595312 0.709375 0.596875 0.709375 0.598437 0.710938 0.6 0.710938 0.601562 0.7125 0.603125 0.7125 0.60625 0.715625 0.60625 0.720312 0.615625 0.720312 0.615625 0.715625 0.61875 0.7125 0.621875 0.7125 0.623438 0.710938 0.625 0.710938 0.632812 0.703125 0.632812 0.701563 0.634375 0.7 0.634375 0.698438 0.635938 0.696875 0.635938 0.69375 0.6375 0.692187 0.6375 0.689062 0.639063 0.6875 0.639063 0.685938 0.640625 0.684375 0.640625 0.682813 0.642187 0.68125 0.642187 0.678125 0.64375 0.676562 0.64375 0.671875 0.645312 0.670313 0.645312 0.657812 0.64375 0.65625 0.64375 0.651563 0.642187 0.65 0.642187 0.648438 0.640625 0.646875 0.640625 0.645312 0.634375 0.639063 0.634375 0.634375 0.762702
0 0.120312 0.828125 0.11875 0.829687 0.114063 0.829687 0.1125 0.83125 0.110937 0.83125 0.103125 0.839063 0.103125 0.845312 0.0984375 0.85 0.096875 0.85 0.0953125 0.851562 0.090625 0.851562 0.090625 0.867188 0.096875 0.867188 0.0984375 0.86875 0.101562 0.86875 0.103125 0.870313 0.114063 0.870313 0.115625 0.871875 0.120312 0.871875 0.121875 0.873438 0.123438 0.873438 0.125 0.875 0.128125 0.875 0.129688 0.876562 0.132812 0.876562 0.134375 0.878125 0.1375 0.878125 0.140625 0.88125 0.14375 0.88125 0.145313 0.882812 0.153125 0.882812 0.154687 0.88125 0.160938 0.88125 0.1625 0.879687 0.167187 0.879687 0.171875 0.875 0.171875 0.865625 0.170312 0.864062 0.170312 0.860937 0.16875 0.859375 0.16875 0.85625 0.170312 0.854688 0.170312 0.845312 0.16875 0.84375 0.16875 0.842188 0.164062 0.8375 0.1625 0.8375 0.154687 0.829687 0.146875 0.829687 0.145313 0.828125 0.120312 0.828125 0.126563 0.821875 0.129688 0.825 0.135937 0.825 0.1375 0.823438 0.1375 0.815625 0.126563 0.815625 0.126563 0.821875 0.761977
0 0.44375 0.603125 0.44375 0.607813 0.439063 0.6125 0.4375 0.6125 0.435937 0.614062 0.434375 0.614062 0.432813 0.615625 0.429688 0.615625 0.428125 0.617188 0.421875 0.617188 0.421875 0.632812 0.426562 0.632812 0.429688 0.635938 0.429688 0.6375 0.43125 0.639063 0.43125 0.640625 0.440625 0.65 0.442187 0.65 0.445312 0.653125 0.446875 0.653125 0.448438 0.654688 0.453125 0.654688 0.454688 0.653125 0.457812 0.653125 0.459375 0.651563 0.460938 0.651563 0.4625 0.65 0.464063 0.65 0.467187 0.646875 0.46875 0.646875 0.46875 0.645312 0.473437 0.640625 0.473437 0.639063 0.475 0.6375 0.475 0.634375 0.476562 0.632812 0.476562 0.63125 0.478125 0.629687 0.482812 0.629687 0.482812 0.61875 0.478125 0.61875 0.475 0.615625 0.475 0.614062 0.470313 0.609375 0.470313 0.603125 0.75828
0 0.546875 0.178125 0.546875 0.184375 0.545313 0.185937 0.54375 0.185937 0.540625 0.189063 0.539062 0.189063 0.5375 0.190625 0.535937 0.190625 0.534375 0.192188 0.532812 0.192188 0.53125 0.19375 0.529688 0.19375 0.528125 0.195312 0.521875 0.195312 0.521875 0.223438 0.528125 0.223438 0.529688 0.225 0.529688 0.226562 0.53125 0.226562 0.534375 0.229687 0.535937 0.229687 0.539062 0.232812 0.540625 0.232812 0.542188 0.234375 0.545313 0.234375 0.546875 0.235938 0.55 0.235938 0.551562 0.2375 0.5625 0.2375 0.564062 0.235938 0.567187 0.235938 0.56875 0.234375 0.570312 0.234375 0.571875 0.232812 0.573438 0.232812 0.579687 0.226562 0.579687 0.223438 0.58125 0.221875 0.58125 0.220313 0.582812 0.21875 0.582812 0.214062 0.584375 0.2125 0.584375 0.209375 0.585938 0.207813 0.585938 0.196875 0.584375 0.195312 0.584375 0.19375 0.582812 0.192188 0.582812 0.190625 0.578125 0.185937 0.576563 0.185937 0.575 0.184375 0.575 0.178125 0.753814
0 0.926562 0.767187 0.925 0.76875 0.923437 0.76875 0.921875 0.770312 0.91875 0.770312 0.917188 0.771875 0.914062 0.771875 0.910937 0.775 0.909375 0.775 0.904688 0.779688 0.904688 0.78125 0.901563 0.784375 0.896875 0.784375 0.896875 0.815625 0.904688 0.815625 0.90625 0.817187 0.907812 0.817187 0.9125 0.821875 0.915625 0.821875 0.917188 0.823438 0.920313 0.823438 0.921875 0.825 0.926562 0.825 0.928125 0.826563 0.93125 0.826563 0.932813 0.828125 0.934375 0.828125 0.935938 0.829687 0.945312 0.829687 0.946875 0.828125 0.948438 0.828125 0.95 0.826563 0.95 0.825 0.954687 0.820312 0.954687 0.81875 0.959375 0.814062 0.960938 0.814062 0.9625 0.8125 0.964063 0.8125 0.965625 0.810938 0.96875 0.810938 0.970312 0.809375 0.971875 0.809375 0.971875 0.807813 0.973437 0.80625 0.973437 0.795313 0.970312 0.792188 0.970312 0.789062 0.96875 0.7875 0.96875 0.785937 0.965625 0.782812 0.965625 0.78125 0.964063 0.779688 0.9625 0.779688 0.959375 0.776563 0.957812 0.776563 0.954687 0.773438 0.953125 0.773438 0.951563 0.771875 0.948438 0.771875 0.946875 0.770312 0.94375 0.770312 0.942187 0.76875 0.939062 0.76875 0.9375 0.767187 0.746152
0 0.8375 0.028125 0.8375 0.0375 0.835938 0.0390625 0.835938 0.040625 0.834375 0.0421875 0.834375 0.04375 0.829687 0.0484375 0.828125 0.0484375 0.826563 0.05 0.821875 0.05 0.821875 0.06875 0.828125 0.06875 0.829687 0.0703125 0.832812 0.0703125 0.834375 0.071875 0.835938 0.071875 0.839063 0.075 0.840625 0.075 0.842188 0.0765625 0.845312 0.0765625 0.846875 0.078125 0.85 0.078125 0.851562 0.0796875 0.859375 0.0796875 0.860937 0.078125 0.865625 0.078125 0.867188 0.0765625 0.86875 0.0765625 0.870313 0.075 0.871875 0.075 0.876562 0.0703125 0.876562 0.06875 0.879687 0.065625 0.879687 0.0640625 0.88125 0.0625 0.88125 0.0609375 0.884375 0.0578125 0.889063 0.0578125 0.889063 0.0515625 0.882812 0.0515625 0.88125 0.05 0.88125 0.0484375 0.873438 0.040625 0.873438 0.0390625 0.871875 0.0375 0.870313 0.0375 0.867188 0.034375 0.867188 0.028125 0.738689
0 0.003125 0.528125 0.003125 0.5875 0.009375 0.5875 0.0109375 0.589063 0.0125 0.589063 0.0140625 0.590625 0.01875 0.590625 0.0203125 0.592188 0.021875 0.592188 0.0234375 0.590625 0.028125 0.590625 0.03125 0.5875 0.0328125 0.5875 0.0390625 0.58125 0.040625 0.58125 0.04375 0.578125 0.0453125 0.578125 0.0484375 0.575 0.0484375 0.573438 0.05 0.571875 0.05 0.565625 0.0515625 0.564062 0.0515625 0.554688 0.05 0.553125 0.05 0.551562 0.0484375 0.55 0.0484375 0.548437 0.046875 0.546875 0.046875 0.545313 0.0453125 0.54375 0.0453125 0.5375 0.04375 0.535937 0.04375 0.528125 0.727778
0 0.359375 0.753125 0.359375 0.759375 0.357812 0.760938 0.35625 0.760938 0.351562 0.765625 0.35 0.765625 0.345313 0.770312 0.340625 0.770312 0.340625 0.8125 0.346875 0.8125 0.348437 0.810938 0.354688 0.810938 0.357812 0.814062 0.357812 0.820312 0.376563 0.820312 0.376563 0.814062 0.378125 0.8125 0.378125 0.809375 0.379687 0.807813 0.38125 0.807813 0.382812 0.80625 0.3875 0.80625 0.389062 0.804688 0.392188 0.804688 0.39375 0.803125 0.395312 0.803125 0.396875 0.801562 0.396875 0.8 0.4 0.796875 0.4 0.776563 0.398438 0.775 0.398438 0.770312 0.396875 0.76875 0.396875 0.767187 0.395312 0.765625 0.395312 0.764063 0.392188 0.760938 0.390625 0.760938 0.3875 0.757812 0.3875 0.753125 0.720422
0 0.203125 0.621875 0.203125 0.626562 0.195312 0.634375 0.192188 0.634375 0.190625 0.635938 0.189063 0.635938 0.185937 0.639063 0.184375 0.639063 0.18125 0.642187 0.18125 0.64375 0.179688 0.645312 0.179688 0.646875 0.176563 0.65 0.171875 0.65 0.171875 0.657812 0.176563 0.657812 0.185937 0.667188 0.1875 0.667188 0.189063 0.66875 0.190625 0.66875 0.192188 0.670313 0.196875 0.670313 0.198437 0.671875 0.225 0.671875 0.226562 0.670313 0.228125 0.670313 0.228125 0.66875 0.23125 0.665625 0.23125 0.664062 0.232812 0.6625 0.232812 0.659375 0.234375 0.657812 0.234375 0.65625 0.235938 0.654688 0.235938 0.651563 0.2375 0.65 0.2375 0.640625 0.235938 0.639063 0.235938 0.6375 0.23125 0.632812 0.229687 0.632812 0.225 0.628125 0.225 0.621875 0.718478
0 0.865625 0.103125 0.865625 0.107813 0.8625 0.110937 0.860937 0.110937 0.859375 0.1125 0.853125 0.1125 0.853125 0.15625 0.860937 0.15625 0.8625 0.157813 0.865625 0.157813 0.867188 0.159375 0.870313 0.159375 0.871875 0.160938 0.875 0.160938 0.876562 0.1625 0.889063 0.1625 0.890625 0.160938 0.89375 0.160938 0.895312 0.159375 0.896875 0.159375 0.898438 0.157813 0.901563 0.157813 0.9125 0.146875 0.9125 0.145313 0.914062 0.14375 0.915625 0.14375 0.917188 0.142188 0.917188 0.140625 0.91875 0.139062 0.91875 0.1375 0.917188 0.135937 0.917188 0.13125 0.915625 0.129688 0.915625 0.128125 0.914062 0.126563 0.914062 0.123438 0.9125 0.121875 0.9125 0.120312 0.910937 0.11875 0.910937 0.117188 0.909375 0.115625 0.909375 0.114063 0.907812 0.1125 0.907812 0.109375 0.90625 0.107813 0.90625 0.103125 0.698667
0 0.0390625 0.53125 0.028125 0.53125 0.028125 0.539062 0.0421875 0.539062 0.0421875 0.534375 0.0390625 0.53125 0.05 0.521875 0.0515625 0.521875 0.0546875 0.525 0.05625 0.525 0.0578125 0.526563 0.059375 0.526563 0.0609375 0.528125 0.0625 0.528125 0.0640625 0.529688 0.0671875 0.529688 0.06875 0.53125 0.0765625 0.53125 0.078125 0.529688 0.08125 0.529688 0.084375 0.526563 0.0859375 0.526563 0.0890625 0.523438 0.090625 0.523438 0.09375 0.520312 0.0953125 0.520312 0.0984375 0.517187 0.1 0.517187 0.103125 0.514063 0.103125 0.509375 0.104687 0.507812 0.104687 0.503125 0.10625 0.501562 0.10625 0.495313 0.104687 0.49375 0.104687 0.492188 0.0984375 0.485938 0.096875 0.485938 0.0921875 0.48125 0.090625 0.48125 0.0859375 0.476562 0.0859375 0.471875 0.05 0.471875 0.05 0.476562 0.046875 0.479688 0.04375 0.479688 0.0421875 0.48125 0.040625 0.48125 0.0375 0.484375 0.0359375 0.484375 0.034375 0.485938 0.028125 0.485938 0.028125 0.509375 0.034375 0.509375 0.0375 0.5125 0.0390625 0.5125 0.04375 0.517187 0.0453125 0.517187 0.05 0.521875 0.683269
0 0.4 0.040625 0.4 0.0453125 0.396875 0.0484375 0.396875 0.05 0.39375 0.053125 0.39375 0.0546875 0.392188 0.05625 0.392188 0.0578125 0.389062 0.0609375 0.384375 0.0609375 0.384375 0.084375 0.389062 0.084375 0.392188 0.0875 0.395312 0.0875 0.398438 0.090625 0.4 0.090625 0.403125 0.09375 0.404687 0.09375 0.407813 0.096875 0.407813 0.101562 0.426562 0.101562 0.426562 0.096875 0.429688 0.09375 0.43125 0.09375 0.442187 0.0828125 0.442187 0.08125 0.44375 0.0796875 0.44375 0.06875 0.442187 0.0671875 0.442187 0.0609375 0.440625 0.059375 0.440625 0.0546875 0.4375 0.0515625 0.4375 0.05 0.434375 0.046875 0.434375 0.040625 0.667876
0 0.075 0.759375 0.075 0.764063 0.0734375 0.765625 0.071875 0.765625 0.0703125 0.767187 0.0609375 0.767187 0.059375 0.76875 0.0578125 0.76875 0.05625 0.770312 0.05625 0.771875 0.0546875 0.773438 0.0546875 0.775 0.0515625 0.778125 0.0515625 0.78125 0.05 0.782812 0.05 0.784375 0.0484375 0.785937 0.0484375 0.789062 0.046875 0.790625 0.046875 0.79375 0.0453125 0.795313 0.040625 0.795313 0.040625 0.809375 0.0453125 0.809375 0.046875 0.810938 0.0484375 0.810938 0.05 0.8125 0.0515625 0.8125 0.0546875 0.815625 0.05625 0.815625 0.0578125 0.817187 0.0609375 0.817187 0.0625 0.81875 0.0640625 0.81875 0.065625 0.820312 0.06875 0.820312 0.0703125 0.821875 0.075 0.821875 0.0765625 0.823438 0.078125 0.823438 0.0796875 0.821875 0.09375 0.821875 0.0953125 0.820312 0.096875 0.820312 0.0984375 0.81875 0.1 0.81875 0.103125 0.815625 0.104687 0.815625 0.104687 0.814062 0.107813 0.810938 0.107813 0.809375 0.109375 0.807813 0.109375 0.801562 0.110937 0.8 0.110937 0.798437 0.1125 0.796875 0.1125 0.79375 0.115625 0.790625 0.120312 0.790625 0.120312 0.784375 0.115625 0.784375 0.1125 0.78125 0.1125 0.779688 0.110937 0.778125 0.109375 0.778125 0.10625 0.775 0.104687 0.775 0.103125 0.773438 0.101562 0.773438 0.1 0.771875 0.0984375 0.771875 0.09375 0.767187 0.0921875 0.767187 0.090625 0.765625 0.0890625 0.765625 0.0875 0.764063 0.0875 0.759375 0.6594
0 0.278125 0.159375 0.278125 0.164062 0.276563 0.165625 0.271875 0.165625 0.271875 0.2125 0.276563 0.2125 0.28125 0.217187 0.282813 0.217187 0.285937 0.220313 0.2875 0.220313 0.298438 0.23125 0.3 0.23125 0.303125 0.234375 0.303125 0.239063 0.30625 0.239063 0.30625 0.234375 0.307813 0.232812 0.309375 0.232812 0.314063 0.228125 0.315625 0.228125 0.31875 0.225 0.320312 0.225 0.321875 0.223438 0.323438 0.223438 0.325 0.221875 0.326562 0.221875 0.328125 0.220313 0.329688 0.220313 0.335938 0.214062 0.335938 0.2125 0.3375 0.210938 0.3375 0.196875 0.335938 0.195312 0.335938 0.19375 0.334375 0.192188 0.334375 0.190625 0.326562 0.182812 0.325 0.182812 0.323438 0.18125 0.321875 0.18125 0.320312 0.179688 0.31875 0.179688 0.317187 0.178125 0.315625 0.178125 0.310937 0.173438 0.310937 0.171875 0.307813 0.16875 0.307813 0.167187 0.30625 0.165625 0.30625 0.159375 0.65691
0 0.003125 0.965625 0.003125 0.998438 0.0640625 0.998438 0.0640625 0.982813 0.0578125 0.982813 0.05625 0.98125 0.0546875 0.98125 0.0453125 0.971875 0.0453125 0.965625 0.655452
0 0.765625 0.003125 0.765625 0.01875 0.778125 0.01875 0.78125 0.021875 0.782812 0.021875 0.790625 0.0296875 0.79375 0.0296875 0.795313 0.03125 0.796875 0.03125 0.798437 0.0328125 0.801562 0.0328125 0.803125 0.034375 0.804688 0.0328125 0.810938 0.0328125 0.8125 0.03125 0.817187 0.03125 0.81875 0.0296875 0.823438 0.0296875 0.825 0.028125 0.826563 0.028125 0.828125 0.0265625 0.828125 0.025 0.829687 0.0234375 0.829687 0.0140625 0.83125 0.0125 0.83125 0.003125 0.649817
0 0.61875 0.115625 0.61875 0.120312 0.610937 0.128125 0.609375 0.128125 0.603125 0.134375 0.596875 0.134375 0.596875 0.159375 0.601562 0.159375 0.60625 0.164062 0.60625 0.165625 0.607813 0.165625 0.6125 0.170312 0.6125 0.171875 0.614062 0.171875 0.621875 0.179688 0.623438 0.179688 0.625 0.18125 0.63125 0.18125 0.632812 0.179688 0.6375 0.179688 0.639063 0.178125 0.642187 0.178125 0.64375 0.176563 0.645312 0.176563 0.646875 0.175 0.648438 0.175 0.654688 0.16875 0.654688 0.167187 0.65625 0.165625 0.65625 0.1625 0.657812 0.160938 0.657812 0.157813 0.659375 0.15625 0.660937 0.15625 0.6625 0.154687 0.670313 0.154687 0.670313 0.1375 0.665625 0.1375 0.6625 0.134375 0.6625 0.132812 0.660937 0.132812 0.65625 0.128125 0.654688 0.128125 0.651563 0.125 0.65 0.125 0.645312 0.120312 0.645312 0.115625 0.646978
0 0.90625 0.421875 0.90625 0.428125 0.904688 0.429688 0.904688 0.434375 0.903125 0.435937 0.903125 0.4375 0.901563 0.439063 0.901563 0.440625 0.898438 0.44375 0.896875 0.44375 0.895312 0.445312 0.892187 0.445312 0.890625 0.44375 0.889063 0.445312 0.8875 0.445312 0.885938 0.446875 0.884375 0.446875 0.882812 0.448438 0.878125 0.448438 0.878125 0.457812 0.882812 0.457812 0.885938 0.460938 0.885938 0.4625 0.8875 0.464063 0.8875 0.465625 0.885938 0.467187 0.885938 0.470313 0.882812 0.473437 0.878125 0.473437 0.878125 0.485938 0.885938 0.485938 0.8875 0.4875 0.889063 0.4875 0.892187 0.490625 0.892187 0.492188 0.89375 0.49375 0.89375 0.496875 0.895312 0.498437 0.895312 0.5 0.898438 0.503125 0.9 0.503125 0.901563 0.504687 0.90625 0.504687 0.907812 0.50625 0.915625 0.50625 0.917188 0.504687 0.920313 0.504687 0.921875 0.503125 0.923437 0.503125 0.934375 0.492188 0.934375 0.490625 0.935938 0.489062 0.935938 0.4875 0.9375 0.485938 0.9375 0.476562 0.935938 0.475 0.935938 0.471875 0.934375 0.470313 0.934375 0.467187 0.932813 0.465625 0.932813 0.457812 0.93125 0.45625 0.93125 0.446875 0.929688 0.445312 0.929688 0.44375 0.926562 0.440625 0.926562 0.439063 0.923437 0.435937 0.923437 0.434375 0.921875 0.432813 0.921875 0.428125 0.920313 0.426562 0.920313 0.421875 0.638695
1 0.273438 0.328125 0.273438 0.332812 0.270312 0.335938 0.26875 0.335938 0.254687 0.35 0.253125 0.35 0.251563 0.351562 0.246875 0.351562 0.246875 0.396875 0.251563 0.396875 0.254687 0.4 0.254687 0.401563 0.25625 0.403125 0.25625 0.40625 0.257812 0.407813 0.257812 0.409375 0.25625 0.410937 0.25625 0.429688 0.257812 0.43125 0.257812 0.434375 0.279687 0.45625 0.28125 0.45625 0.282813 0.457812 0.284375 0.457812 0.285937 0.459375 0.2875 0.459375 0.289062 0.460938 0.295312 0.460938 0.296875 0.4625 0.298438 0.4625 0.3 0.464063 0.301562 0.464063 0.303125 0.465625 0.303125 0.470313 0.325 0.470313 0.325 0.465625 0.329688 0.460938 0.33125 0.460938 0.332812 0.459375 0.335938 0.459375 0.3375 0.457812 0.351562 0.457812 0.353125 0.45625 0.354688 0.45625 0.35625 0.454688 0.357812 0.454688 0.364062 0.448438 0.364062 0.446875 0.365625 0.445312 0.365625 0.44375 0.36875 0.440625 0.36875 0.439063 0.370313 0.4375 0.370313 0.435937 0.373437 0.432813 0.373437 0.429688 0.375 0.428125 0.375 0.423438 0.373437 0.421875 0.373437 0.417188 0.371875 0.415625 0.373437 0.414062 0.373437 0.410937 0.375 0.409375 0.375 0.407813 0.378125 0.404687 0.382812 0.404687 0.382812 0.39375 0.378125 0.39375 0.373437 0.389062 0.373437 0.3875 0.370313 0.384375 0.370313 0.370313 0.36875 0.36875 0.36875 0.3625 0.367188 0.360938 0.367188 0.359375 0.365625 0.357812 0.365625 0.35625 0.364062 0.354688 0.364062 0.353125 0.360938 0.35 0.360938 0.348437 0.353125 0.340625 0.351562 0.340625 0.348437 0.3375 0.346875 0.3375 0.342187 0.332812 0.342187 0.328125 0.636313
0 0.8875 0.559375 0.8875 0.564062 0.885938 0.565625 0.884375 0.565625 0.876562 0.573438 0.871875 0.573438 0.871875 0.596875 0.876562 0.596875 0.878125 0.598437 0.879687 0.598437 0.88125 0.6 0.8875 0.6 0.889063 0.601562 0.892187 0.601562 0.89375 0.603125 0.896875 0.603125 0.898438 0.604688 0.9 0.604688 0.901563 0.60625 0.903125 0.60625 0.904688 0.604688 0.907812 0.604688 0.909375 0.603125 0.910937 0.603125 0.914062 0.6 0.920313 0.6 0.921875 0.598437 0.923437 0.598437 0.926562 0.595312 0.932813 0.595312 0.932813 0.585938 0.928125 0.585938 0.926562 0.584375 0.926562 0.582812 0.925 0.58125 0.925 0.579687 0.923437 0.578125 0.923437 0.576563 0.91875 0.571875 0.91875 0.570312 0.917188 0.56875 0.917188 0.567187 0.915625 0.565625 0.915625 0.559375 0.633029
0 0.46875 0.928125 0.46875 0.932813 0.467187 0.934375 0.467187 0.935938 0.464063 0.939062 0.464063 0.940625 0.460938 0.94375 0.460938 0.945312 0.459375 0.946875 0.459375 0.95 0.45625 0.953125 0.45625 0.954687 0.454688 0.95625 0.454688 0.957812 0.453125 0.959375 0.453125 0.965625 0.454688 0.967188 0.454688 0.96875 0.459375 0.973437 0.464063 0.973437 0.465625 0.975 0.473437 0.975 0.475 0.976562 0.478125 0.976562 0.479688 0.978125 0.48125 0.978125 0.482812 0.979688 0.495313 0.979688 0.496875 0.978125 0.5 0.978125 0.501562 0.976562 0.503125 0.976562 0.504687 0.975 0.504687 0.973437 0.50625 0.971875 0.50625 0.96875 0.507812 0.967188 0.507812 0.965625 0.510938 0.9625 0.510938 0.959375 0.5125 0.957812 0.5125 0.954687 0.514063 0.953125 0.514063 0.951563 0.5125 0.95 0.5125 0.948438 0.50625 0.942187 0.50625 0.940625 0.504687 0.939062 0.504687 0.9375 0.5 0.932813 0.5 0.928125 0.623332
0 0.823438 0.690625 0.823438 0.695312 0.820312 0.698438 0.81875 0.698438 0.815625 0.701563 0.814062 0.701563 0.8125 0.703125 0.810938 0.703125 0.807813 0.70625 0.803125 0.70625 0.803125 0.73125 0.809375 0.73125 0.810938 0.732813 0.8125 0.732813 0.814062 0.734375 0.815625 0.734375 0.817187 0.735937 0.81875 0.735937 0.820312 0.7375 0.823438 0.7375 0.825 0.739062 0.829687 0.739062 0.83125 0.740625 0.834375 0.740625 0.835938 0.739062 0.840625 0.739062 0.842188 0.7375 0.84375 0.7375 0.845312 0.735937 0.846875 0.735937 0.85 0.732813 0.851562 0.732813 0.859375 0.725 0.864062 0.725 0.864062 0.717188 0.859375 0.717188 0.857813 0.715625 0.857813 0.714063 0.85625 0.7125 0.85625 0.710938 0.854688 0.709375 0.854688 0.707812 0.853125 0.70625 0.853125 0.704687 0.846875 0.698438 0.845312 0.698438 0.842188 0.695312 0.842188 0.690625 0.618269
0 0.426562 0.896875 0.426562 0.904688 0.425 0.90625 0.425 0.910937 0.423438 0.9125 0.423438 0.914062 0.415625 0.921875 0.414062 0.921875 0.4125 0.923437 0.410937 0.923437 0.407813 0.926562 0.40625 0.926562 0.404687 0.928125 0.404687 0.934375 0.407813 0.9375 0.407813 0.940625 0.40625 0.942187 0.40625 0.94375 0.403125 0.946875 0.398438 0.946875 0.396875 0.945312 0.390625 0.945312 0.390625 0.95625 0.395312 0.95625 0.398438 0.959375 0.398438 0.960938 0.4 0.9625 0.401563 0.9625 0.404687 0.965625 0.407813 0.965625 0.409375 0.967188 0.4125 0.967188 0.414062 0.96875 0.417188 0.96875 0.41875 0.970312 0.425 0.970312 0.426562 0.96875 0.429688 0.96875 0.43125 0.967188 0.434375 0.967188 0.435937 0.965625 0.4375 0.965625 0.439063 0.964063 0.442187 0.964063 0.44375 0.9625 0.445312 0.9625 0.446875 0.960938 0.448438 0.960938 0.453125 0.95625 0.453125 0.954687 0.45625 0.951563 0.45625 0.95 0.459375 0.946875 0.459375 0.94375 0.460938 0.942187 0.460938 0.940625 0.4625 0.939062 0.4625 0.932813 0.464063 0.93125 0.464063 0.925 0.4625 0.923437 0.4625 0.920313 0.459375 0.917188 0.457812 0.917188 0.45625 0.915625 0.454688 0.915625 0.453125 0.914062 0.451562 0.914062 0.45 0.9125 0.448438 0.9125 0.442187 0.90625 0.442187 0.904688 0.440625 0.903125 0.440625 0.896875 0.614825
0 0.93125 0.715625 0.93125 0.721875 0.928125 0.725 0.926562 0.725 0.925 0.726562 0.923437 0.726562 0.921875 0.728125 0.915625 0.728125 0.915625 0.748438 0.920313 0.748438 0.925 0.753125 0.925 0.754687 0.926562 0.75625 0.926562 0.757812 0.93125 0.7625 0.932813 0.7625 0.934375 0.764063 0.935938 0.764063 0.9375 0.765625 0.939062 0.765625 0.940625 0.767187 0.953125 0.767187 0.954687 0.76875 0.959375 0.76875 0.960938 0.767187 0.964063 0.767187 0.973437 0.757812 0.973437 0.75625 0.975 0.754687 0.975 0.753125 0.976562 0.751562 0.976562 0.740625 0.975 0.739062 0.975 0.732813 0.973437 0.73125 0.973437 0.728125 0.971875 0.726562 0.971875 0.721875 0.970312 0.720312 0.970312 0.715625 0.604763
0 0.225 0.159375 0.225 0.164062 0.220313 0.16875 0.215625 0.16875 0.215625 0.203125 0.220313 0.203125 0.223438 0.20625 0.223438 0.207813 0.225 0.209375 0.225 0.210938 0.226562 0.2125 0.226562 0.214062 0.234375 0.221875 0.235938 0.221875 0.2375 0.223438 0.248437 0.223438 0.25 0.221875 0.251563 0.221875 0.254687 0.21875 0.25625 0.21875 0.257812 0.217187 0.257812 0.215625 0.260938 0.2125 0.260938 0.210938 0.2625 0.209375 0.2625 0.204688 0.264062 0.203125 0.264062 0.201562 0.265625 0.2 0.265625 0.198437 0.267188 0.196875 0.267188 0.195312 0.26875 0.19375 0.26875 0.192188 0.270312 0.190625 0.270312 0.189063 0.271875 0.1875 0.276563 0.1875 0.276563 0.176563 0.271875 0.176563 0.26875 0.173438 0.26875 0.171875 0.260938 0.164062 0.260938 0.159375 0.590523
0 0.640625 0.884375 0.640625 0.890625 0.635938 0.895312 0.634375 0.895312 0.632812 0.896875 0.628125 0.896875 0.628125 0.926562 0.632812 0.926562 0.635938 0.929688 0.6375 0.929688 0.640625 0.932813 0.642187 0.932813 0.646875 0.9375 0.648438 0.9375 0.65 0.939062 0.65 0.945312 0.667188 0.945312 0.667188 0.940625 0.676562 0.93125 0.676562 0.929688 0.679688 0.926562 0.679688 0.925 0.68125 0.923437 0.68125 0.920313 0.682813 0.91875 0.682813 0.909375 0.68125 0.907812 0.68125 0.904688 0.679688 0.903125 0.679688 0.901563 0.676562 0.898438 0.676562 0.896875 0.673437 0.89375 0.673437 0.892187 0.671875 0.890625 0.671875 0.884375 0.5891
0 0.821875 0.726562 0.823438 0.726562 0.823438 0.721875 0.821875 0.721875 0.821875 0.726562 0.815625 0.742188 0.8125 0.742188 0.810938 0.740625 0.809375 0.740625 0.798437 0.729688 0.796875 0.729688 0.79375 0.726562 0.79375 0.721875 0.7625 0.721875 0.7625 0.728125 0.760938 0.729688 0.760938 0.73125 0.753125 0.739062 0.746875 0.739062 0.746875 0.757812 0.751562 0.757812 0.753125 0.759375 0.753125 0.760938 0.754687 0.7625 0.754687 0.764063 0.760938 0.770312 0.760938 0.771875 0.764063 0.775 0.764063 0.778125 0.765625 0.779688 0.765625 0.78125 0.767187 0.782812 0.767187 0.784375 0.771875 0.789062 0.771875 0.790625 0.775 0.79375 0.776563 0.79375 0.78125 0.798437 0.782812 0.798437 0.784375 0.8 0.785937 0.8 0.7875 0.801562 0.796875 0.801562 0.798437 0.8 0.801562 0.8 0.803125 0.798437 0.807813 0.798437 0.809375 0.796875 0.810938 0.796875 0.8125 0.795313 0.814062 0.795313 0.817187 0.792188 0.81875 0.792188 0.825 0.785937 0.825 0.784375 0.826563 0.782812 0.826563 0.779688 0.828125 0.778125 0.828125 0.7625 0.826563 0.760938 0.826563 0.757812 0.825 0.75625 0.825 0.75 0.823438 0.748438 0.823438 0.746875 0.820312 0.74375 0.817187 0.74375 0.815625 0.742188 0.579248
0 0.226562 0.871875 0.226562 0.878125 0.225 0.879687 0.225 0.882812 0.220313 0.8875 0.215625 0.8875 0.215625 0.9125 0.220313 0.9125 0.221875 0.914062 0.223438 0.914062 0.225 0.915625 0.226562 0.915625 0.228125 0.917188 0.232812 0.917188 0.234375 0.91875 0.245312 0.91875 0.246875 0.917188 0.251563 0.917188 0.253125 0.915625 0.254687 0.915625 0.25625 0.914062 0.257812 0.914062 0.259375 0.9125 0.260938 0.9125 0.264062 0.909375 0.265625 0.909375 0.265625 0.907812 0.270312 0.903125 0.270312 0.901563 0.26875 0.9 0.26875 0.896875 0.265625 0.89375 0.265625 0.892187 0.2625 0.889063 0.2625 0.885938 0.260938 0.884375 0.260938 0.882812 0.259375 0.88125 0.259375 0.871875 0.574926
0 0.614062 0.971875 0.614062 0.976562 0.609375 0.98125 0.607813 0.98125 0.60625 0.982813 0.604688 0.982813 0.603125 0.984375 0.601562 0.984375 0.6 0.985937 0.598437 0.985937 0.596875 0.9875 0.590625 0.9875 0.590625 0.998438 0.657812 0.998438 0.657812 0.985937 0.653125 0.985937 0.65 0.982813 0.648438 0.982813 0.64375 0.978125 0.64375 0.971875 0.554403
0 0.0859375 0.584375 0.0859375 0.590625 0.084375 0.592188 0.078125 0.592188 0.078125 0.639063 0.084375 0.639063 0.0859375 0.640625 0.090625 0.640625 0.0921875 0.642187 0.096875 0.642187 0.0984375 0.640625 0.1 0.640625 0.101562 0.639063 0.103125 0.639063 0.104687 0.6375 0.10625 0.6375 0.107813 0.635938 0.109375 0.635938 0.110937 0.634375 0.1125 0.634375 0.115625 0.63125 0.115625 0.629687 0.117188 0.628125 0.117188 0.626562 0.11875 0.625 0.11875 0.623438 0.120312 0.621875 0.120312 0.620313 0.121875 0.61875 0.121875 0.617188 0.123438 0.615625 0.123438 0.614062 0.125 0.6125 0.125 0.604688 0.126563 0.603125 0.126563 0.598437 0.125 0.596875 0.125 0.584375 0.549778
0 0.129688 0.396875 0.129688 0.403125 0.11875 0.414062 0.117188 0.414062 0.115625 0.415625 0.115625 0.417188 0.114063 0.41875 0.109375 0.41875 0.109375 0.439063 0.115625 0.439063 0.120312 0.44375 0.121875 0.44375 0.123438 0.445312 0.125 0.445312 0.126563 0.446875 0.129688 0.446875 0.13125 0.448438 0.145313 0.448438 0.146875 0.446875 0.154687 0.446875 0.15625 0.445312 0.171875 0.445312 0.178125 0.439063 0.178125 0.4375 0.179688 0.435937 0.179688 0.420312 0.18125 0.41875 0.18125 0.417188 0.182812 0.415625 0.189063 0.415625 0.189063 0.4125 0.184375 0.4125 0.18125 0.409375 0.178125 0.409375 0.176563 0.407813 0.175 0.407813 0.173438 0.40625 0.171875 0.40625 0.170312 0.404687 0.1625 0.404687 0.159375 0.401563 0.159375 0.396875 0.549373
0 0.003125 0.003125 0.003125 0.04375 0.0109375 0.04375 0.0125 0.0453125 0.0140625 0.0453125 0.0171875 0.0484375 0.01875 0.0484375 0.025 0.0546875 0.0265625 0.0546875 0.028125 0.05625 0.0296875 0.05625 0.03125 0.0578125 0.0328125 0.0578125 0.034375 0.059375 0.034375 0.0640625 0.034375 0.059375 0.0359375 0.0578125 0.0390625 0.0578125 0.040625 0.05625 0.0421875 0.05625 0.04375 0.0546875 0.0453125 0.0546875 0.05 0.05 0.0515625 0.05 0.0734375 0.028125 0.0734375 0.015625 0.071875 0.0140625 0.071875 0.0125 0.06875 0.009375 0.06875 0.003125 0.546171
0 0.540625 0.521875 0.540625 0.526563 0.539062 0.528125 0.539062 0.529688 0.5375 0.53125 0.5375 0.532812 0.532812 0.5375 0.528125 0.5375 0.528125 0.565625 0.534375 0.565625 0.5375 0.56875 0.540625 0.56875 0.546875 0.575 0.548437 0.575 0.551562 0.578125 0.551562 0.582812 0.565625 0.582812 0.565625 0.578125 0.570312 0.573438 0.571875 0.573438 0.58125 0.564062 0.58125 0.5625 0.584375 0.559375 0.589063 0.559375 0.589063 0.545313 0.584375 0.545313 0.58125 0.542188 0.58125 0.540625 0.579687 0.539062 0.579687 0.5375 0.571875 0.529688 0.570312 0.529688 0.567187 0.526563 0.567187 0.521875 0.542368
0 0.809375 0.084375 0.809375 0.0890625 0.807813 0.090625 0.803125 0.090625 0.803125 0.1375 0.807813 0.1375 0.809375 0.139062 0.809375 0.140625 0.810938 0.142188 0.810938 0.14375 0.8125 0.145313 0.8125 0.148438 0.814062 0.15 0.814062 0.151562 0.820312 0.157813 0.820312 0.159375 0.821875 0.160938 0.835938 0.160938 0.8375 0.1625 0.845312 0.1625 0.846875 0.160938 0.848437 0.160938 0.85625 0.153125 0.85625 0.15 0.857813 0.148438 0.857813 0.146875 0.859375 0.145313 0.859375 0.140625 0.860937 0.139062 0.860937 0.1375 0.8625 0.135937 0.8625 0.132812 0.864062 0.13125 0.864062 0.129688 0.865625 0.128125 0.870313 0.128125 0.870313 0.1125 0.864062 0.1125 0.859375 0.107813 0.859375 0.10625 0.857813 0.104687 0.857813 0.103125 0.85625 0.101562 0.85625 0.0984375 0.853125 0.0953125 0.851562 0.0953125 0.85 0.09375 0.835938 0.09375 0.834375 0.0953125 0.832812 0.0953125 0.83125 0.09375 0.826563 0.09375 0.825 0.0921875 0.823438 0.0921875 0.820312 0.0890625 0.820312 0.084375 0.519381
0 0.4125 0.965625 0.4125 0.970312 0.410937 0.971875 0.409375 0.971875 0.407813 0.973437 0.40625 0.973437 0.4 0.979688 0.398438 0.979688 0.395312 0.982813 0.390625 0.982813 0.390625 0.998438 0.476562 0.998438 0.476562 0.98125 0.46875 0.98125 0.467187 0.979688 0.4625 0.979688 0.460938 0.978125 0.459375 0.978125 0.453125 0.971875 0.453125 0.965625 0.500667
