0 0.796875 0.853125 0.796875 0.889063 0.801562 0.889063 0.810938 0.898438 0.8125 0.898438 0.814062 0.9 0.817187 0.9 0.820312 0.903125 0.820312 0.907812 0.832812 0.907812 0.832812 0.903125 0.842188 0.89375 0.842188 0.892187 0.84375 0.890625 0.84375 0.889063 0.845312 0.8875 0.845312 0.885938 0.846875 0.884375 0.851562 0.884375 0.851562 0.882812 0.846875 0.882812 0.845312 0.88125 0.845312 0.879687 0.84375 0.878125 0.84375 0.876562 0.839063 0.871875 0.839063 0.870313 0.8375 0.86875 0.8375 0.867188 0.834375 0.864062 0.834375 0.8625 0.83125 0.859375 0.83125 0.853125 0.880495
0 0.865625 0.934375 0.865625 0.967188 0.870313 0.967188 0.876562 0.973437 0.878125 0.973437 0.879687 0.975 0.88125 0.975 0.884375 0.978125 0.884375 0.982813 0.9 0.982813 0.9 0.976562 0.904688 0.971875 0.904688 0.967188 0.90625 0.965625 0.90625 0.960938 0.907812 0.959375 0.907812 0.951563 0.90625 0.95 0.90625 0.946875 0.904688 0.945312 0.904688 0.94375 0.901563 0.940625 0.901563 0.934375 0.878693
0 0.428125 0.890625 0.428125 0.934375 0.435937 0.934375 0.4375 0.935938 0.439063 0.935938 0.440625 0.9375 0.448438 0.9375 0.45 0.935938 0.451562 0.935938 0.453125 0.934375 0.454688 0.934375 0.45625 0.932813 0.457812 0.932813 0.459375 0.93125 0.460938 0.93125 0.46875 0.923437 0.46875 0.921875 0.470313 0.920313 0.470313 0.917188 0.471875 0.915625 0.476562 0.915625 0.476562 0.907812 0.471875 0.907812 0.46875 0.904688 0.46875 0.903125 0.467187 0.901563 0.467187 0.9 0.465625 0.898438 0.464063 0.898438 0.4625 0.896875 0.4625 0.890625 0.862722
0 0.896875 0.128125 0.896875 0.160938 0.903125 0.160938 0.904688 0.1625 0.90625 0.1625 0.909375 0.165625 0.909375 0.170312 0.921875 0.170312 0.921875 0.165625 0.923437 0.164062 0.925 0.164062 0.926562 0.1625 0.928125 0.1625 0.932813 0.157813 0.934375 0.157813 0.9375 0.154687 0.9375 0.153125 0.939062 0.151562 0.939062 0.139062 0.9375 0.1375 0.9375 0.128125 0.860456
0 0.884375 0.840625 0.884375 0.88125 0.889063 0.88125 0.892187 0.884375 0.892187 0.889063 0.923437 0.889063 0.923437 0.882812 0.928125 0.878125 0.932813 0.878125 0.932813 0.857813 0.928125 0.857813 0.925 0.854688 0.925 0.853125 0.923437 0.851562 0.923437 0.85 0.91875 0.845312 0.91875 0.840625 0.858809
0 0.690625 0.953125 0.690625 0.992188 0.696875 0.992188 0.701563 0.996875 0.701563 0.998438 0.725 0.998438 0.725 0.995313 0.726562 0.99375 0.728125 0.99375 0.729688 0.992188 0.729688 0.990625 0.734375 0.985937 0.739062 0.985937 0.739062 0.970312 0.734375 0.970312 0.73125 0.967188 0.73125 0.965625 0.725 0.959375 0.725 0.953125 0.858469
0 0.909375 0.040625 0.909375 0.06875 0.914062 0.06875 0.915625 0.0703125 0.917188 0.0703125 0.91875 0.071875 0.91875 0.0765625 0.942187 0.0765625 0.942187 0.071875 0.94375 0.0703125 0.945312 0.0703125 0.951563 0.0640625 0.951563 0.0625 0.953125 0.0609375 0.957812 0.0609375 0.957812 0.053125 0.953125 0.053125 0.95 0.05 0.95 0.0484375 0.948438 0.046875 0.948438 0.040625 0.85492
0 0.628125 0.778125 0.628125 0.782812 0.626562 0.784375 0.621875 0.784375 0.621875 0.8125 0.626562 0.8125 0.634375 0.820312 0.635938 0.820312 0.639063 0.823438 0.640625 0.823438 0.642187 0.825 0.653125 0.825 0.654688 0.823438 0.65625 0.823438 0.66875 0.810938 0.66875 0.809375 0.670313 0.807813 0.670313 0.80625 0.671875 0.804688 0.676562 0.804688 0.676562 0.796875 0.671875 0.796875 0.6625 0.7875 0.6625 0.785937 0.660937 0.784375 0.660937 0.778125 0.852063
0 0.709375 0.221875 0.709375 0.226562 0.701563 0.234375 0.696875 0.234375 0.696875 0.264062 0.703125 0.264062 0.707812 0.26875 0.709375 0.26875 0.7125 0.271875 0.7125 0.276563 0.728125 0.276563 0.728125 0.271875 0.729688 0.270312 0.73125 0.270312 0.732813 0.26875 0.734375 0.26875 0.7375 0.265625 0.739062 0.265625 0.746875 0.257812 0.751562 0.257812 0.751562 0.239063 0.746875 0.239063 0.74375 0.235938 0.74375 0.234375 0.742188 0.232812 0.742188 0.23125 0.7375 0.226562 0.7375 0.221875 0.850931
0 0.7 0.315625 0.7 0.320312 0.695312 0.325 0.690625 0.325 0.690625 0.35625 0.696875 0.35625 0.698438 0.357812 0.698438 0.364062 0.721875 0.364062 0.721875 0.359375 0.728125 0.353125 0.729688 0.353125 0.734375 0.348437 0.739062 0.348437 0.739062 0.332812 0.734375 0.332812 0.73125 0.329688 0.73125 0.328125 0.723437 0.320312 0.723437 0.315625 0.849218
0 0.603125 0.328125 0.603125 0.332812 0.601562 0.334375 0.596875 0.334375 0.596875 0.364062 0.603125 0.364062 0.607813 0.36875 0.610937 0.36875 0.6125 0.370313 0.621875 0.370313 0.623438 0.36875 0.628125 0.36875 0.629687 0.367188 0.63125 0.367188 0.634375 0.364062 0.635938 0.364062 0.639063 0.360938 0.639063 0.359375 0.645312 0.353125 0.645312 0.35 0.646875 0.348437 0.651563 0.348437 0.651563 0.345313 0.646875 0.345313 0.645312 0.34375 0.645312 0.342187 0.64375 0.340625 0.64375 0.339063 0.642187 0.3375 0.642187 0.335938 0.639063 0.332812 0.639063 0.328125 0.848411
0 0.709375 0.771875 0.709375 0.810938 0.715625 0.810938 0.717188 0.8125 0.71875 0.8125 0.720312 0.814062 0.721875 0.814062 0.723437 0.815625 0.725 0.815625 0.726562 0.817187 0.729688 0.817187 0.73125 0.81875 0.7375 0.81875 0.739062 0.820312 0.740625 0.820312 0.742188 0.81875 0.746875 0.81875 0.75625 0.809375 0.75625 0.807813 0.759375 0.804688 0.764063 0.804688 0.764063 0.7875 0.759375 0.7875 0.757812 0.785937 0.757812 0.784375 0.75 0.776563 0.75 0.771875 0.847925
0 0.94375 0.478125 0.94375 0.484375 0.939062 0.489062 0.934375 0.489062 0.934375 0.515625 0.939062 0.515625 0.940625 0.517187 0.942187 0.517187 0.94375 0.51875 0.945312 0.51875 0.946875 0.520312 0.948438 0.520312 0.95 0.521875 0.95 0.526563 0.957812 0.526563 0.957812 0.521875 0.959375 0.520312 0.960938 0.520312 0.9625 0.51875 0.965625 0.51875 0.970312 0.514063 0.971875 0.514063 0.978125 0.507812 0.982813 0.507812 0.982813 0.489062 0.976562 0.489062 0.975 0.4875 0.975 0.485938 0.971875 0.482812 0.971875 0.478125 0.847516
0 0.285937 0.628125 0.285937 0.632812 0.282813 0.635938 0.278125 0.635938 0.278125 0.66875 0.284375 0.66875 0.2875 0.671875 0.2875 0.676562 0.30625 0.676562 0.30625 0.671875 0.309375 0.66875 0.310937 0.66875 0.3125 0.667188 0.3125 0.665625 0.317187 0.660937 0.317187 0.659375 0.31875 0.657812 0.31875 0.65625 0.321875 0.653125 0.326562 0.653125 0.326562 0.642187 0.321875 0.642187 0.3125 0.632812 0.3125 0.628125 0.844077
0 0.703125 0.865625 0.703125 0.903125 0.707812 0.903125 0.710938 0.90625 0.7125 0.90625 0.714063 0.907812 0.714063 0.914062 0.735937 0.914062 0.735937 0.907812 0.7375 0.90625 0.739062 0.90625 0.740625 0.904688 0.740625 0.903125 0.746875 0.896875 0.751562 0.896875 0.751562 0.876562 0.745313 0.876562 0.74375 0.875 0.74375 0.873438 0.740625 0.870313 0.740625 0.865625 0.842921
0 0.796875 0.221875 0.796875 0.254687 0.801562 0.254687 0.803125 0.25625 0.804688 0.25625 0.80625 0.257812 0.807813 0.257812 0.809375 0.259375 0.809375 0.264062 0.823438 0.264062 0.823438 0.259375 0.826563 0.25625 0.828125 0.25625 0.83125 0.253125 0.83125 0.251563 0.832812 0.25 0.832812 0.248437 0.834375 0.246875 0.839063 0.246875 0.839063 0.23125 0.834375 0.23125 0.832812 0.229687 0.832812 0.228125 0.83125 0.226562 0.83125 0.221875 0.842193
0 0.879687 0.309375 0.879687 0.314063 0.876562 0.317187 0.871875 0.317187 0.871875 0.340625 0.876562 0.340625 0.878125 0.342187 0.879687 0.342187 0.88125 0.34375 0.884375 0.34375 0.885938 0.345313 0.8875 0.345313 0.889063 0.346875 0.889063 0.351562 0.898438 0.351562 0.898438 0.346875 0.9 0.345313 0.901563 0.345313 0.903125 0.34375 0.90625 0.34375 0.909375 0.340625 0.910937 0.340625 0.910937 0.339063 0.9125 0.3375 0.9125 0.335938 0.914062 0.334375 0.914062 0.33125 0.915625 0.329688 0.920313 0.329688 0.920313 0.323438 0.915625 0.323438 0.914062 0.321875 0.914062 0.320312 0.9125 0.31875 0.9125 0.317187 0.910937 0.315625 0.910937 0.309375 0.841529
0 0.359375 0.071875 0.359375 0.109375 0.365625 0.109375 0.36875 0.1125 0.370313 0.1125 0.373437 0.115625 0.373437 0.120312 0.385938 0.120312 0.385938 0.114063 0.3875 0.1125 0.389062 0.1125 0.389062 0.110937 0.39375 0.10625 0.39375 0.104687 0.396875 0.101562 0.401563 0.101562 0.401563 0.08125 0.396875 0.08125 0.39375 0.078125 0.39375 0.071875 0.840992
0 0.346875 0.815625 0.346875 0.853125 0.353125 0.853125 0.35625 0.85625 0.359375 0.85625 0.360938 0.857813 0.365625 0.857813 0.367188 0.85625 0.370313 0.85625 0.371875 0.854688 0.373437 0.854688 0.378125 0.85 0.379687 0.85 0.38125 0.848437 0.38125 0.846875 0.3875 0.840625 0.3875 0.8375 0.389062 0.835938 0.389062 0.83125 0.3875 0.829687 0.3875 0.826563 0.385938 0.825 0.385938 0.823438 0.384375 0.821875 0.384375 0.815625 0.839719
0 0.334375 0.253125 0.334375 0.29375 0.340625 0.29375 0.345313 0.298438 0.346875 0.298438 0.348437 0.3 0.35 0.3 0.351562 0.301562 0.354688 0.301562 0.35625 0.3 0.359375 0.3 0.364062 0.295312 0.365625 0.295312 0.371875 0.289062 0.373437 0.289062 0.375 0.2875 0.375 0.285937 0.378125 0.282813 0.382812 0.282813 0.382812 0.276563 0.378125 0.276563 0.373437 0.271875 0.373437 0.270312 0.36875 0.265625 0.36875 0.264062 0.367188 0.2625 0.367188 0.260938 0.365625 0.260938 0.364062 0.259375 0.364062 0.253125 0.83673
0 0.339063 0.903125 0.339063 0.907812 0.334375 0.9125 0.328125 0.9125 0.328125 0.942187 0.332812 0.942187 0.334375 0.94375 0.335938 0.94375 0.3375 0.945312 0.339063 0.945312 0.340625 0.946875 0.340625 0.951563 0.346875 0.951563 0.346875 0.946875 0.348437 0.945312 0.35 0.945312 0.351562 0.94375 0.353125 0.94375 0.354688 0.942187 0.35625 0.942187 0.357812 0.940625 0.359375 0.940625 0.3625 0.9375 0.364062 0.9375 0.36875 0.932813 0.36875 0.93125 0.371875 0.928125 0.376563 0.928125 0.376563 0.914062 0.371875 0.914062 0.36875 0.910937 0.36875 0.909375 0.367188 0.907812 0.367188 0.903125 0.835119
0 0.79375 0.315625 0.79375 0.320312 0.789062 0.325 0.784375 0.325 0.784375 0.35 0.790625 0.35 0.795313 0.354688 0.798437 0.354688 0.8 0.35625 0.815625 0.35625 0.81875 0.353125 0.81875 0.351562 0.821875 0.348437 0.821875 0.346875 0.825 0.34375 0.825 0.340625 0.826563 0.339063 0.826563 0.3375 0.828125 0.335938 0.832812 0.335938 0.832812 0.332812 0.828125 0.332812 0.826563 0.33125 0.826563 0.329688 0.825 0.328125 0.825 0.326562 0.823438 0.325 0.823438 0.323438 0.820312 0.320312 0.820312 0.315625 0.834972
0 0.376563 0.621875 0.376563 0.626562 0.371875 0.63125 0.365625 0.63125 0.365625 0.660937 0.371875 0.660937 0.378125 0.667188 0.379687 0.667188 0.38125 0.66875 0.382812 0.66875 0.384375 0.670313 0.385938 0.670313 0.3875 0.671875 0.3875 0.676562 0.39375 0.676562 0.39375 0.671875 0.395312 0.670313 0.396875 0.670313 0.398438 0.66875 0.4 0.66875 0.401563 0.667188 0.403125 0.667188 0.414062 0.65625 0.414062 0.654688 0.415625 0.653125 0.420312 0.653125 0.420312 0.635938 0.415625 0.635938 0.4125 0.632812 0.4125 0.63125 0.407813 0.626562 0.407813 0.621875 0.834143
0 0.540625 0.784375 0.540625 0.789062 0.5375 0.792188 0.535937 0.792188 0.535937 0.79375 0.534375 0.795313 0.528125 0.795313 0.528125 0.829687 0.532812 0.829687 0.5375 0.834375 0.5375 0.839063 0.559375 0.839063 0.559375 0.834375 0.5625 0.83125 0.564062 0.83125 0.565625 0.829687 0.567187 0.829687 0.575 0.821875 0.575 0.814062 0.576563 0.8125 0.576563 0.807813 0.575 0.80625 0.575 0.801562 0.570312 0.796875 0.570312 0.795313 0.567187 0.792188 0.567187 0.790625 0.565625 0.789062 0.565625 0.784375 0.832792
0 0.967188 0.915625 0.967188 0.920313 0.964063 0.923437 0.959375 0.923437 0.959375 0.954687 0.964063 0.954687 0.971875 0.9625 0.973437 0.9625 0.975 0.964063 0.975 0.970312 0.998438 0.970312 0.998438 0.929688 0.995313 0.929688 0.99375 0.928125 0.99375 0.926562 0.990625 0.923437 0.989062 0.923437 0.9875 0.921875 0.9875 0.915625 0.832668
0 0.453125 0.159375 0.453125 0.165625 0.451562 0.167187 0.451562 0.16875 0.446875 0.173438 0.440625 0.173438 0.440625 0.195312 0.445312 0.195312 0.448438 0.198437 0.45 0.198437 0.451562 0.2 0.454688 0.2 0.45625 0.201562 0.457812 0.201562 0.459375 0.203125 0.459375 0.207813 0.4625 0.207813 0.4625 0.203125 0.464063 0.201562 0.467187 0.201562 0.46875 0.2 0.470313 0.2 0.478125 0.192188 0.482812 0.192188 0.482812 0.171875 0.478125 0.171875 0.476562 0.170312 0.476562 0.16875 0.475 0.167187 0.475 0.159375 0.831724
0 0.684375 0.415625 0.684375 0.451562 0.690625 0.451562 0.69375 0.454688 0.695312 0.454688 0.696875 0.45625 0.704687 0.45625 0.70625 0.454688 0.707812 0.454688 0.709375 0.453125 0.710938 0.453125 0.7125 0.451562 0.714063 0.451562 0.720312 0.445312 0.726562 0.445312 0.726562 0.428125 0.721875 0.428125 0.71875 0.425 0.71875 0.423438 0.715625 0.420312 0.715625 0.415625 0.828016
0 0.390625 0.528125 0.390625 0.570312 0.396875 0.570312 0.4 0.573438 0.403125 0.573438 0.404687 0.575 0.4125 0.575 0.414062 0.573438 0.415625 0.573438 0.420312 0.56875 0.421875 0.56875 0.429688 0.560938 0.429688 0.559375 0.43125 0.557813 0.43125 0.55625 0.434375 0.553125 0.439063 0.553125 0.439063 0.546875 0.434375 0.546875 0.432813 0.545313 0.432813 0.54375 0.429688 0.540625 0.429688 0.539062 0.425 0.534375 0.425 0.528125 0.826853
0 0.517187 0.340625 0.517187 0.346875 0.515625 0.348437 0.509375 0.348437 0.509375 0.375 0.517187 0.375 0.51875 0.376563 0.521875 0.376563 0.523438 0.378125 0.523438 0.382812 0.539062 0.382812 0.539062 0.378125 0.542188 0.375 0.54375 0.375 0.546875 0.371875 0.548437 0.371875 0.548437 0.370313 0.553125 0.365625 0.557813 0.365625 0.557813 0.353125 0.553125 0.353125 0.55 0.35 0.55 0.348437 0.548437 0.346875 0.548437 0.340625 0.825812
0 0.921875 0.571875 0.921875 0.576563 0.920313 0.578125 0.915625 0.578125 0.915625 0.598437 0.920313 0.598437 0.921875 0.6 0.923437 0.6 0.929688 0.60625 0.93125 0.60625 0.934375 0.609375 0.935938 0.609375 0.9375 0.610937 0.939062 0.610937 0.940625 0.6125 0.948438 0.6125 0.95 0.610937 0.953125 0.610937 0.954687 0.609375 0.95625 0.609375 0.957812 0.607813 0.959375 0.607813 0.9625 0.604688 0.964063 0.604688 0.967188 0.601562 0.967188 0.6 0.96875 0.598437 0.96875 0.585938 0.967188 0.584375 0.967188 0.582812 0.965625 0.58125 0.965625 0.579687 0.964063 0.578125 0.964063 0.571875 0.824333
0 0.896875 0.753125 0.896875 0.790625 0.903125 0.790625 0.90625 0.79375 0.907812 0.79375 0.909375 0.795313 0.910937 0.795313 0.9125 0.796875 0.9125 0.801562 0.929688 0.801562 0.929688 0.795313 0.93125 0.79375 0.932813 0.79375 0.934375 0.792188 0.934375 0.790625 0.940625 0.784375 0.945312 0.784375 0.945312 0.765625 0.940625 0.765625 0.939062 0.764063 0.939062 0.7625 0.9375 0.760938 0.9375 0.753125 0.824332
0 0.154687 0.265625 0.154687 0.271875 0.153125 0.273438 0.146875 0.273438 0.146875 0.304688 0.151562 0.304688 0.153125 0.30625 0.15625 0.30625 0.157813 0.307813 0.165625 0.307813 0.167187 0.30625 0.170312 0.30625 0.171875 0.304688 0.173438 0.304688 0.176563 0.301562 0.178125 0.301562 0.18125 0.298438 0.18125 0.296875 0.182812 0.295312 0.182812 0.29375 0.184375 0.292188 0.189063 0.292188 0.189063 0.278125 0.184375 0.278125 0.178125 0.271875 0.178125 0.265625 0.824261
0 0.946875 0.390625 0.946875 0.423438 0.953125 0.423438 0.954687 0.425 0.957812 0.425 0.960938 0.428125 0.960938 0.432813 0.976562 0.432813 0.976562 0.428125 0.979688 0.425 0.98125 0.425 0.9875 0.41875 0.9875 0.417188 0.989062 0.415625 0.995313 0.415625 0.995313 0.414062 0.990625 0.414062 0.989062 0.4125 0.989062 0.409375 0.9875 0.407813 0.9875 0.404687 0.985937 0.403125 0.985937 0.401563 0.984375 0.4 0.984375 0.398438 0.982813 0.396875 0.982813 0.390625 0.823614
0 0.275 0.071875 0.275 0.0765625 0.270312 0.08125 0.265625 0.08125 0.265625 0.109375 0.271875 0.109375 0.275 0.1125 0.276563 0.1125 0.278125 0.114063 0.279687 0.114063 0.28125 0.115625 0.28125 0.120312 0.296875 0.120312 0.296875 0.115625 0.3 0.1125 0.301562 0.1125 0.30625 0.107813 0.30625 0.10625 0.309375 0.103125 0.314063 0.103125 0.314063 0.090625 0.309375 0.090625 0.307813 0.0890625 0.307813 0.0875 0.30625 0.0859375 0.30625 0.084375 0.304688 0.0828125 0.304688 0.08125 0.301562 0.078125 0.301562 0.071875 0.823185
0 0.453125 0.709375 0.453125 0.746875 0.459375 0.746875 0.460938 0.748438 0.4625 0.748438 0.464063 0.75 0.470313 0.75 0.471875 0.751562 0.473437 0.75 0.48125 0.75 0.482812 0.748438 0.484375 0.748438 0.49375 0.739062 0.49375 0.7375 0.495313 0.735937 0.495313 0.734375 0.496875 0.732813 0.501562 0.732813 0.501562 0.721875 0.496875 0.721875 0.490625 0.715625 0.490625 0.709375 0.821018
0 0.809375 0.128125 0.809375 0.167187 0.815625 0.167187 0.817187 0.16875 0.81875 0.16875 0.821875 0.171875 0.821875 0.176563 0.8375 0.176563 0.8375 0.171875 0.839063 0.170312 0.840625 0.170312 0.842188 0.16875 0.84375 0.16875 0.85 0.1625 0.85 0.160938 0.851562 0.159375 0.851562 0.15625 0.853125 0.154687 0.857813 0.154687 0.857813 0.145313 0.853125 0.145313 0.85 0.142188 0.85 0.139062 0.845312 0.134375 0.845312 0.128125 0.818755
0 0.653125 0.596875 0.653125 0.639063 0.659375 0.639063 0.664062 0.64375 0.667188 0.64375 0.66875 0.645312 0.678125 0.645312 0.679688 0.64375 0.682813 0.64375 0.684375 0.642187 0.685938 0.642187 0.698438 0.629687 0.698438 0.628125 0.7 0.626562 0.7 0.623438 0.701563 0.621875 0.701563 0.615625 0.7 0.614062 0.7 0.6125 0.698438 0.610937 0.698438 0.609375 0.695312 0.60625 0.695312 0.604688 0.69375 0.603125 0.69375 0.596875 0.81761
0 0.49375 0.515625 0.49375 0.520312 0.489062 0.525 0.484375 0.525 0.484375 0.55625 0.490625 0.55625 0.492188 0.557813 0.49375 0.557813 0.496875 0.560938 0.498437 0.560938 0.5 0.5625 0.501562 0.5625 0.503125 0.564062 0.504687 0.564062 0.50625 0.565625 0.50625 0.570312 0.510938 0.570312 0.510938 0.565625 0.514063 0.5625 0.515625 0.5625 0.525 0.553125 0.525 0.551562 0.526563 0.55 0.526563 0.548437 0.528125 0.546875 0.532812 0.546875 0.532812 0.53125 0.528125 0.53125 0.526563 0.529688 0.526563 0.528125 0.523438 0.525 0.523438 0.523438 0.520312 0.520312 0.520312 0.515625 0.817555
0 0.251563 0.815625 0.251563 0.820312 0.246875 0.825 0.240625 0.825 0.240625 0.860937 0.246875 0.860937 0.25 0.864062 0.251563 0.864062 0.25625 0.86875 0.257812 0.86875 0.259375 0.870313 0.260938 0.870313 0.2625 0.871875 0.2625 0.876562 0.26875 0.876562 0.26875 0.871875 0.271875 0.86875 0.273438 0.86875 0.275 0.867188 0.276563 0.867188 0.282813 0.860937 0.282813 0.859375 0.285937 0.85625 0.285937 0.854688 0.2875 0.853125 0.2875 0.851562 0.292188 0.846875 0.292188 0.845312 0.29375 0.84375 0.29375 0.840625 0.295312 0.839063 0.295312 0.832812 0.29375 0.83125 0.29375 0.829687 0.2875 0.823438 0.2875 0.821875 0.285937 0.820312 0.285937 0.815625 0.817218
0 0.348437 0.159375 0.348437 0.164062 0.345313 0.167187 0.340625 0.167187 0.340625 0.196875 0.346875 0.196875 0.35 0.2 0.351562 0.2 0.354688 0.203125 0.354688 0.207813 0.370313 0.207813 0.370313 0.203125 0.373437 0.2 0.373437 0.198437 0.378125 0.19375 0.378125 0.192188 0.379687 0.190625 0.379687 0.189063 0.38125 0.1875 0.38125 0.175 0.378125 0.171875 0.378125 0.170312 0.371875 0.164062 0.371875 0.159375 0.816982
0 0.846875 0.490625 0.846875 0.521875 0.853125 0.521875 0.854688 0.523438 0.85625 0.523438 0.857813 0.525 0.867188 0.525 0.86875 0.523438 0.871875 0.523438 0.873438 0.521875 0.875 0.521875 0.878125 0.51875 0.879687 0.51875 0.884375 0.514063 0.889063 0.514063 0.889063 0.496875 0.884375 0.496875 0.882812 0.495313 0.882812 0.490625 0.815965
0 0.326562 0.340625 0.326562 0.345313 0.323438 0.348437 0.321875 0.348437 0.320312 0.35 0.315625 0.35 0.315625 0.378125 0.321875 0.378125 0.323438 0.379687 0.323438 0.38125 0.325 0.382812 0.326562 0.382812 0.33125 0.3875 0.332812 0.3875 0.334375 0.389062 0.342187 0.389062 0.34375 0.3875 0.345313 0.3875 0.351562 0.38125 0.351562 0.379687 0.354688 0.376563 0.354688 0.375 0.35625 0.373437 0.35625 0.371875 0.357812 0.370313 0.357812 0.360938 0.35625 0.359375 0.35625 0.35625 0.354688 0.354688 0.354688 0.353125 0.353125 0.351562 0.353125 0.35 0.35 0.346875 0.35 0.340625 0.812025
0 0.567187 0.603125 0.567187 0.607813 0.564062 0.610937 0.559375 0.610937 0.559375 0.639063 0.564062 0.639063 0.567187 0.642187 0.56875 0.642187 0.570312 0.64375 0.571875 0.64375 0.573438 0.645312 0.575 0.645312 0.576563 0.646875 0.576563 0.651563 0.582812 0.651563 0.582812 0.646875 0.584375 0.645312 0.585938 0.645312 0.5875 0.64375 0.589063 0.64375 0.596875 0.635938 0.601562 0.635938 0.601562 0.614062 0.596875 0.614062 0.590625 0.607813 0.590625 0.603125 0.810325
0 0.721875 0.140625 0.721875 0.171875 0.728125 0.171875 0.729688 0.173438 0.73125 0.173438 0.732813 0.175 0.734375 0.175 0.735937 0.176563 0.739062 0.176563 0.740625 0.178125 0.740625 0.182812 0.740625 0.178125 0.742188 0.176563 0.74375 0.176563 0.745313 0.175 0.746875 0.175 0.753125 0.16875 0.754687 0.16875 0.75625 0.167187 0.75625 0.165625 0.757812 0.164062 0.757812 0.160938 0.759375 0.159375 0.764063 0.159375 0.759375 0.159375 0.75625 0.15625 0.75625 0.154687 0.754687 0.153125 0.754687 0.151562 0.748438 0.145313 0.748438 0.140625 0.810298
0 0.25625 0.165625 0.25625 0.170312 0.251563 0.175 0.246875 0.175 0.246875 0.204688 0.251563 0.204688 0.253125 0.20625 0.254687 0.20625 0.257812 0.209375 0.259375 0.209375 0.260938 0.210938 0.2625 0.210938 0.264062 0.2125 0.267188 0.2125 0.26875 0.214062 0.270312 0.214062 0.271875 0.215625 0.271875 0.220313 0.271875 0.215625 0.273438 0.214062 0.275 0.214062 0.276563 0.2125 0.278125 0.2125 0.279687 0.210938 0.28125 0.210938 0.285937 0.20625 0.285937 0.204688 0.290625 0.2 0.295312 0.2 0.295312 0.18125 0.290625 0.18125 0.2875 0.178125 0.2875 0.175 0.284375 0.171875 0.284375 0.165625 0.809903
0 0.675 0.503125 0.675 0.507812 0.670313 0.5125 0.665625 0.5125 0.665625 0.539062 0.670313 0.539062 0.673437 0.542188 0.675 0.542188 0.676562 0.54375 0.679688 0.54375 0.68125 0.545313 0.689062 0.545313 0.690625 0.54375 0.692187 0.54375 0.703125 0.532812 0.707812 0.532812 0.707812 0.517187 0.703125 0.517187 0.7 0.514063 0.7 0.5125 0.695312 0.507812 0.695312 0.503125 0.809571
0 0.96875 0.296875 0.96875 0.301562 0.964063 0.30625 0.959375 0.30625 0.959375 0.3375 0.967188 0.3375 0.96875 0.339063 0.978125 0.339063 0.979688 0.3375 0.984375 0.3375 0.985937 0.335938 0.9875 0.335938 0.990625 0.332812 0.992188 0.332812 0.99375 0.33125 0.995313 0.33125 0.996875 0.329688 0.998438 0.329688 0.998438 0.296875 0.809328
0 0.776563 0.409375 0.776563 0.414062 0.773438 0.417188 0.771875 0.417188 0.770312 0.41875 0.765625 0.41875 0.765625 0.445312 0.771875 0.445312 0.775 0.448438 0.776563 0.448438 0.778125 0.45 0.779688 0.45 0.78125 0.451562 0.782812 0.451562 0.784375 0.453125 0.784375 0.457812 0.792188 0.457812 0.792188 0.453125 0.79375 0.451562 0.795313 0.451562 0.796875 0.45 0.798437 0.45 0.8 0.448438 0.801562 0.448438 0.809375 0.440625 0.814062 0.440625 0.814062 0.41875 0.809375 0.41875 0.80625 0.415625 0.80625 0.409375 0.80924
0 0.829687 0.040625 0.829687 0.0453125 0.826563 0.0484375 0.821875 0.0484375 0.821875 0.0828125 0.834375 0.0828125 0.835938 0.08125 0.8375 0.08125 0.839063 0.0796875 0.840625 0.0796875 0.842188 0.078125 0.84375 0.078125 0.845312 0.0765625 0.846875 0.0765625 0.85625 0.0671875 0.85625 0.065625 0.857813 0.0640625 0.857813 0.0609375 0.859375 0.059375 0.864062 0.059375 0.864062 0.0515625 0.859375 0.0515625 0.857813 0.05 0.857813 0.046875 0.85625 0.0453125 0.85625 0.040625 0.807763
0 0.909375 0.659375 0.909375 0.692187 0.914062 0.692187 0.915625 0.69375 0.917188 0.69375 0.920313 0.696875 0.921875 0.696875 0.923437 0.698438 0.925 0.698438 0.926562 0.7 0.939062 0.7 0.940625 0.698438 0.94375 0.698438 0.948438 0.69375 0.95 0.69375 0.95 0.692187 0.951563 0.690625 0.957812 0.690625 0.957812 0.670313 0.953125 0.670313 0.946875 0.664062 0.946875 0.659375 0.806505
0 0.578125 0.515625 0.578125 0.55 0.582812 0.55 0.584375 0.551562 0.585938 0.551562 0.5875 0.553125 0.5875 0.557813 0.604688 0.557813 0.604688 0.551562 0.60625 0.55 0.607813 0.55 0.610937 0.546875 0.610937 0.545313 0.6125 0.54375 0.6125 0.542188 0.614062 0.540625 0.614062 0.539062 0.615625 0.5375 0.620313 0.5375 0.620313 0.532812 0.615625 0.532812 0.614062 0.53125 0.614062 0.529688 0.6125 0.528125 0.6125 0.526563 0.607813 0.521875 0.607813 0.515625 0.804421
0 0.640625 0.053125 0.640625 0.0921875 0.645312 0.0921875 0.646875 0.09375 0.648438 0.09375 0.651563 0.096875 0.651563 0.101562 0.667188 0.101562 0.667188 0.096875 0.670313 0.09375 0.671875 0.09375 0.675 0.090625 0.676562 0.090625 0.678125 0.0890625 0.679688 0.0890625 0.682813 0.0859375 0.689062 0.0859375 0.689062 0.0703125 0.684375 0.0703125 0.68125 0.0671875 0.68125 0.065625 0.673437 0.0578125 0.673437 0.053125 0.804189
0 0.621875 0.865625 0.621875 0.871875 0.614062 0.879687 0.609375 0.879687 0.609375 0.909375 0.614062 0.909375 0.617188 0.9125 0.61875 0.9125 0.621875 0.915625 0.621875 0.920313 0.646875 0.920313 0.646875 0.915625 0.653125 0.909375 0.657812 0.909375 0.657812 0.88125 0.653125 0.88125 0.648438 0.876562 0.648438 0.875 0.645312 0.871875 0.645312 0.865625 0.803253
0 0.221875 0.359375 0.221875 0.395312 0.228125 0.395312 0.23125 0.398438 0.232812 0.398438 0.234375 0.4 0.2375 0.4 0.239063 0.401563 0.246875 0.401563 0.25 0.398438 0.251563 0.398438 0.253125 0.396875 0.253125 0.395312 0.25625 0.392188 0.25625 0.390625 0.259375 0.3875 0.264062 0.3875 0.264062 0.367188 0.259375 0.367188 0.25625 0.364062 0.25625 0.359375 0.799952
0 0.515625 0.884375 0.515625 0.91875 0.521875 0.91875 0.525 0.921875 0.526563 0.921875 0.528125 0.923437 0.529688 0.923437 0.53125 0.925 0.535937 0.925 0.5375 0.926562 0.540625 0.926562 0.542188 0.925 0.545313 0.925 0.551562 0.91875 0.551562 0.917188 0.554688 0.914062 0.554688 0.9125 0.55625 0.910937 0.55625 0.90625 0.557813 0.904688 0.557813 0.9 0.55625 0.898438 0.55625 0.895312 0.551562 0.890625 0.551562 0.884375 0.799872
0 0.451562 0.796875 0.451562 0.803125 0.446875 0.807813 0.440625 0.807813 0.440625 0.839063 0.446875 0.839063 0.451562 0.84375 0.467187 0.84375 0.46875 0.842188 0.470313 0.842188 0.473437 0.839063 0.475 0.839063 0.479688 0.834375 0.479688 0.832812 0.482812 0.829687 0.482812 0.828125 0.484375 0.826563 0.489062 0.826563 0.489062 0.809375 0.484375 0.809375 0.48125 0.80625 0.48125 0.804688 0.479688 0.803125 0.479688 0.796875 0.799307
0 0.310937 0.440625 0.310937 0.445312 0.309375 0.446875 0.303125 0.446875 0.303125 0.470313 0.307813 0.470313 0.315625 0.478125 0.317187 0.478125 0.320312 0.48125 0.323438 0.48125 0.325 0.482812 0.326562 0.482812 0.328125 0.484375 0.328125 0.489062 0.328125 0.484375 0.329688 0.482812 0.334375 0.482812 0.335938 0.48125 0.3375 0.48125 0.339063 0.479688 0.340625 0.479688 0.346875 0.473437 0.351562 0.473437 0.351562 0.451562 0.346875 0.451562 0.342187 0.446875 0.342187 0.440625 0.797717
0 0.778125 0.946875 0.778125 0.973437 0.784375 0.973437 0.7875 0.976562 0.789062 0.976562 0.792188 0.979688 0.79375 0.979688 0.795313 0.98125 0.796875 0.98125 0.798437 0.982813 0.8 0.982813 0.801562 0.984375 0.801562 0.989062 0.814062 0.989062 0.814062 0.984375 0.821875 0.976562 0.826563 0.976562 0.826563 0.96875 0.821875 0.96875 0.820312 0.967188 0.820312 0.965625 0.81875 0.964063 0.81875 0.9625 0.817187 0.960938 0.817187 0.957812 0.815625 0.95625 0.815625 0.954687 0.814062 0.953125 0.814062 0.946875 0.796967
0 0.24375 0.915625 0.24375 0.920313 0.240625 0.923437 0.234375 0.923437 0.234375 0.951563 0.240625 0.951563 0.24375 0.954687 0.245312 0.954687 0.246875 0.95625 0.248437 0.95625 0.251563 0.959375 0.251563 0.964063 0.259375 0.964063 0.259375 0.959375 0.260938 0.957812 0.264062 0.957812 0.265625 0.95625 0.267188 0.95625 0.26875 0.954687 0.271875 0.954687 0.275 0.951563 0.276563 0.951563 0.278125 0.95 0.278125 0.948438 0.28125 0.945312 0.28125 0.940625 0.282813 0.939062 0.282813 0.93125 0.28125 0.929688 0.28125 0.926562 0.275 0.920313 0.275 0.915625 0.795616
0 0.615625 0.234375 0.615625 0.271875 0.620313 0.271875 0.621875 0.273438 0.623438 0.273438 0.625 0.275 0.626562 0.275 0.628125 0.276563 0.632812 0.276563 0.634375 0.275 0.6375 0.275 0.642187 0.270312 0.64375 0.270312 0.645312 0.26875 0.646875 0.26875 0.65 0.265625 0.651563 0.265625 0.653125 0.264062 0.657812 0.264062 0.657812 0.248437 0.651563 0.248437 0.65 0.246875 0.65 0.245312 0.645312 0.240625 0.645312 0.234375 0.795184
0 0.590625 0.421875 0.590625 0.428125 0.589063 0.429688 0.584375 0.429688 0.584375 0.453125 0.589063 0.453125 0.590625 0.454688 0.592188 0.454688 0.59375 0.45625 0.595312 0.45625 0.598437 0.459375 0.6 0.459375 0.601562 0.460938 0.603125 0.460938 0.604688 0.4625 0.6125 0.4625 0.614062 0.460938 0.615625 0.460938 0.623438 0.453125 0.623438 0.451562 0.625 0.45 0.625 0.445312 0.626562 0.44375 0.626562 0.440625 0.625 0.439063 0.625 0.435937 0.623438 0.434375 0.623438 0.432813 0.61875 0.428125 0.61875 0.421875 0.789034
0 0.423438 0.340625 0.423438 0.345313 0.421875 0.346875 0.415625 0.346875 0.415625 0.382812 0.421875 0.382812 0.425 0.385938 0.426562 0.385938 0.428125 0.3875 0.432813 0.3875 0.434375 0.389062 0.435937 0.3875 0.440625 0.3875 0.442187 0.385938 0.44375 0.385938 0.454688 0.375 0.454688 0.373437 0.457812 0.370313 0.457812 0.367188 0.459375 0.365625 0.464063 0.365625 0.464063 0.364062 0.459375 0.364062 0.457812 0.3625 0.457812 0.360938 0.45625 0.359375 0.45625 0.357812 0.454688 0.35625 0.454688 0.354688 0.451562 0.351562 0.451562 0.35 0.448438 0.346875 0.448438 0.340625 0.788826
0 0.171875 0.084375 0.171875 0.115625 0.176563 0.115625 0.178125 0.117188 0.179688 0.117188 0.18125 0.11875 0.184375 0.11875 0.185937 0.120312 0.192188 0.120312 0.19375 0.11875 0.196875 0.11875 0.20625 0.109375 0.20625 0.104687 0.207813 0.103125 0.207813 0.101562 0.20625 0.1 0.20625 0.0953125 0.2 0.0890625 0.2 0.084375 0.787566
0 0.554688 0.065625 0.554688 0.0703125 0.551562 0.0734375 0.546875 0.0734375 0.546875 0.0984375 0.554688 0.0984375 0.55625 0.1 0.559375 0.1 0.560938 0.101562 0.567187 0.101562 0.56875 0.1 0.571875 0.1 0.578125 0.09375 0.579687 0.09375 0.58125 0.0921875 0.58125 0.090625 0.584375 0.0875 0.589063 0.0875 0.589063 0.065625 0.785672
0 0.240625 0.271875 0.240625 0.301562 0.246875 0.301562 0.248437 0.303125 0.248437 0.307813 0.270312 0.307813 0.270312 0.303125 0.278125 0.295312 0.282813 0.295312 0.282813 0.278125 0.278125 0.278125 0.276563 0.276563 0.276563 0.271875 0.78566
0 0.003125 0.003125 0.003125 0.0953125 0.0109375 0.0953125 0.0109375 0.090625 0.015625 0.0859375 0.0296875 0.0859375 0.03125 0.084375 0.034375 0.084375 0.0359375 0.0828125 0.0375 0.0828125 0.0390625 0.08125 0.0421875 0.08125 0.04375 0.0796875 0.0484375 0.0796875 0.05 0.08125 0.0625 0.08125 0.0640625 0.0796875 0.0671875 0.0796875 0.0703125 0.0765625 0.071875 0.0765625 0.0734375 0.075 0.075 0.075 0.0796875 0.0703125 0.08125 0.0703125 0.0828125 0.06875 0.0859375 0.06875 0.0875 0.0671875 0.0953125 0.0671875 0.0984375 0.0640625 0.0984375 0.0609375 0.1 0.059375 0.1 0.040625 0.0984375 0.0390625 0.0984375 0.034375 0.096875 0.0328125 0.096875 0.021875 0.101562 0.0171875 0.107813 0.0171875 0.107813 0.003125 0.7837
0 0.734375 0.690625 0.734375 0.71875 0.740625 0.71875 0.74375 0.721875 0.74375 0.726562 0.765625 0.726562 0.765625 0.720312 0.770312 0.715625 0.770312 0.714063 0.771875 0.7125 0.776563 0.7125 0.776563 0.701563 0.771875 0.701563 0.770312 0.7 0.770312 0.696875 0.76875 0.695312 0.76875 0.690625 0.782321
0 0.164062 0.828125 0.164062 0.832812 0.159375 0.8375 0.153125 0.8375 0.153125 0.865625 0.157813 0.865625 0.160938 0.86875 0.1625 0.86875 0.164062 0.870313 0.165625 0.870313 0.16875 0.873438 0.170312 0.873438 0.171875 0.875 0.18125 0.875 0.182812 0.873438 0.184375 0.873438 0.190625 0.867188 0.192188 0.867188 0.192188 0.865625 0.196875 0.860937 0.201562 0.860937 0.201562 0.834375 0.196875 0.834375 0.195312 0.832812 0.195312 0.828125 0.780495
0 0.521875 0.246875 0.521875 0.279687 0.528125 0.279687 0.53125 0.282813 0.532812 0.282813 0.534375 0.284375 0.534375 0.289062 0.554688 0.289062 0.554688 0.284375 0.560938 0.278125 0.560938 0.276563 0.5625 0.275 0.5625 0.273438 0.565625 0.270312 0.570312 0.270312 0.570312 0.264062 0.565625 0.264062 0.564062 0.2625 0.564062 0.259375 0.5625 0.257812 0.5625 0.25625 0.560938 0.254687 0.560938 0.253125 0.559375 0.251563 0.559375 0.246875 0.779303
0 0.471875 0.621875 0.471875 0.653125 0.476562 0.653125 0.478125 0.654688 0.482812 0.654688 0.484375 0.65625 0.485938 0.65625 0.4875 0.657812 0.489062 0.657812 0.490625 0.659375 0.490625 0.664062 0.495313 0.664062 0.495313 0.659375 0.501562 0.653125 0.501562 0.651563 0.503125 0.65 0.503125 0.648438 0.50625 0.645312 0.50625 0.64375 0.509375 0.640625 0.514063 0.640625 0.514063 0.632812 0.509375 0.632812 0.503125 0.626562 0.503125 0.621875 0.779099
0 0.360938 0.721875 0.360938 0.726562 0.359375 0.728125 0.353125 0.728125 0.353125 0.751562 0.360938 0.751562 0.364062 0.754687 0.365625 0.754687 0.367188 0.75625 0.370313 0.75625 0.371875 0.757812 0.375 0.757812 0.376563 0.759375 0.376563 0.764063 0.378125 0.764063 0.378125 0.759375 0.379687 0.757812 0.38125 0.757812 0.382812 0.75625 0.385938 0.75625 0.396875 0.745313 0.396875 0.74375 0.4 0.740625 0.4 0.735937 0.401563 0.734375 0.4 0.732813 0.4 0.721875 0.778059
0 0.414062 0.440625 0.414062 0.445312 0.410937 0.448438 0.409375 0.448438 0.407813 0.45 0.403125 0.45 0.403125 0.476562 0.409375 0.476562 0.4125 0.479688 0.414062 0.479688 0.417188 0.482812 0.41875 0.482812 0.420312 0.484375 0.420312 0.489062 0.43125 0.489062 0.43125 0.484375 0.434375 0.48125 0.435937 0.48125 0.439063 0.478125 0.440625 0.478125 0.446875 0.471875 0.451562 0.471875 0.451562 0.45625 0.446875 0.45625 0.445312 0.454688 0.445312 0.453125 0.44375 0.451562 0.44375 0.448438 0.440625 0.445312 0.440625 0.440625 0.777934
0 0.303125 0.540625 0.303125 0.545313 0.301562 0.546875 0.296875 0.546875 0.296875 0.579687 0.303125 0.579687 0.304688 0.58125 0.30625 0.58125 0.307813 0.582812 0.309375 0.582812 0.310937 0.584375 0.310937 0.589063 0.317187 0.589063 0.317187 0.584375 0.31875 0.582812 0.320312 0.582812 0.321875 0.58125 0.323438 0.58125 0.332812 0.571875 0.332812 0.570312 0.3375 0.565625 0.3375 0.560938 0.339063 0.559375 0.339063 0.553125 0.3375 0.551562 0.3375 0.55 0.334375 0.546875 0.334375 0.540625 0.777918
0 0.428125 0.246875 0.428125 0.279687 0.432813 0.279687 0.434375 0.28125 0.435937 0.28125 0.440625 0.285937 0.442187 0.285937 0.44375 0.2875 0.445312 0.2875 0.446875 0.289062 0.453125 0.289062 0.454688 0.2875 0.457812 0.2875 0.464063 0.28125 0.465625 0.28125 0.467187 0.279687 0.467187 0.278125 0.470313 0.275 0.470313 0.273438 0.471875 0.271875 0.476562 0.271875 0.476562 0.2625 0.471875 0.2625 0.470313 0.260938 0.470313 0.259375 0.467187 0.25625 0.467187 0.254687 0.465625 0.254687 0.464063 0.253125 0.464063 0.246875 0.776579
0 0.542188 0.146875 0.542188 0.153125 0.539062 0.15625 0.534375 0.15625 0.534375 0.185937 0.539062 0.185937 0.540625 0.1875 0.542188 0.1875 0.545313 0.190625 0.545313 0.195312 0.560938 0.195312 0.560938 0.190625 0.564062 0.1875 0.565625 0.1875 0.571875 0.18125 0.571875 0.179688 0.573438 0.178125 0.573438 0.176563 0.575 0.175 0.575 0.157813 0.573438 0.15625 0.573438 0.154687 0.571875 0.153125 0.571875 0.146875 0.772819
0 0.546875 0.703125 0.546875 0.732813 0.553125 0.732813 0.554688 0.734375 0.55625 0.734375 0.557813 0.735937 0.560938 0.735937 0.5625 0.7375 0.571875 0.7375 0.58125 0.728125 0.58125 0.726562 0.584375 0.723437 0.589063 0.723437 0.589063 0.717188 0.584375 0.717188 0.582812 0.715625 0.582812 0.714063 0.58125 0.7125 0.58125 0.710938 0.579687 0.709375 0.579687 0.703125 0.768487
0 0.604688 0.965625 0.604688 0.971875 0.601562 0.975 0.596875 0.975 0.596875 0.998438 0.639063 0.998438 0.639063 0.99375 0.640625 0.992188 0.645312 0.992188 0.645312 0.98125 0.640625 0.98125 0.639063 0.979688 0.639063 0.978125 0.6375 0.976562 0.6375 0.973437 0.634375 0.970312 0.634375 0.965625 0.767384
0 0.209375 0.453125 0.209375 0.489062 0.215625 0.489062 0.21875 0.492188 0.220313 0.492188 0.221875 0.49375 0.223438 0.49375 0.225 0.495313 0.226562 0.495313 0.228125 0.496875 0.228125 0.501562 0.235938 0.501562 0.235938 0.496875 0.2375 0.495313 0.239063 0.495313 0.240625 0.49375 0.242188 0.49375 0.24375 0.492188 0.245312 0.492188 0.253125 0.484375 0.257812 0.484375 0.257812 0.4625 0.253125 0.4625 0.25 0.459375 0.25 0.453125 0.762255
0 0.190625 0.640625 0.190625 0.645312 0.189063 0.646875 0.1875 0.646875 0.185937 0.648438 0.184375 0.648438 0.182812 0.65 0.178125 0.65 0.178125 0.673437 0.182812 0.673437 0.189063 0.679688 0.190625 0.679688 0.195312 0.684375 0.195312 0.689062 0.209375 0.689062 0.209375 0.684375 0.2125 0.68125 0.215625 0.68125 0.21875 0.678125 0.220313 0.678125 0.228125 0.670313 0.232812 0.670313 0.232812 0.651563 0.228125 0.651563 0.225 0.648438 0.225 0.640625 0.756653
0 0.273438 0.721875 0.273438 0.728125 0.271875 0.729688 0.265625 0.729688 0.265625 0.7625 0.271875 0.7625 0.275 0.765625 0.275 0.770312 0.29375 0.770312 0.29375 0.765625 0.301562 0.757812 0.301562 0.75625 0.304688 0.753125 0.304688 0.751562 0.30625 0.75 0.30625 0.748438 0.307813 0.746875 0.307813 0.739062 0.30625 0.7375 0.30625 0.735937 0.304688 0.734375 0.304688 0.732813 0.3 0.728125 0.3 0.721875 0.754807
0 0.496875 0.428125 0.496875 0.4625 0.503125 0.4625 0.504687 0.464063 0.50625 0.464063 0.507812 0.465625 0.509375 0.465625 0.5125 0.46875 0.514063 0.46875 0.515625 0.470313 0.517187 0.470313 0.51875 0.46875 0.521875 0.46875 0.526563 0.464063 0.528125 0.464063 0.532812 0.459375 0.534375 0.459375 0.5375 0.45625 0.5375 0.454688 0.539062 0.453125 0.539062 0.451562 0.540625 0.45 0.545313 0.45 0.545313 0.440625 0.540625 0.440625 0.539062 0.439063 0.539062 0.4375 0.5375 0.435937 0.5375 0.428125 0.751897
0 0.971875 0.834375 0.971875 0.867188 0.978125 0.867188 0.985937 0.875 0.9875 0.875 0.990625 0.878125 0.990625 0.882812 0.998438 0.882812 0.998438 0.834375 0.747987
0 0.978125 0.209375 0.978125 0.24375 0.9875 0.24375 0.989062 0.245312 0.992188 0.245312 0.99375 0.246875 0.99375 0.251563 0.998438 0.251563 0.998438 0.209375 0.747125
0 0.628125 0.146875 0.628125 0.18125 0.634375 0.18125 0.6375 0.184375 0.6375 0.189063 0.657812 0.189063 0.657812 0.184375 0.660937 0.18125 0.6625 0.18125 0.664062 0.179688 0.670313 0.179688 0.670313 0.157813 0.665625 0.157813 0.6625 0.154687 0.6625 0.146875 0.742934
0 0.76875 0.496875 0.76875 0.501562 0.764063 0.50625 0.759375 0.50625 0.759375 0.528125 0.765625 0.528125 0.767187 0.529688 0.76875 0.529688 0.770312 0.53125 0.776563 0.53125 0.778125 0.532812 0.784375 0.532812 0.785937 0.53125 0.790625 0.53125 0.795313 0.526563 0.801562 0.526563 0.801562 0.496875 0.741539
0 0.470313 0.065625 0.470313 0.0703125 0.465625 0.075 0.459375 0.075 0.459375 0.103125 0.464063 0.103125 0.465625 0.104687 0.471875 0.104687 0.473437 0.10625 0.482812 0.10625 0.485938 0.103125 0.4875 0.103125 0.489062 0.101562 0.489062 0.1 0.490625 0.0984375 0.490625 0.096875 0.49375 0.09375 0.49375 0.0875 0.495313 0.0859375 0.495313 0.084375 0.49375 0.0828125 0.49375 0.078125 0.492188 0.0765625 0.492188 0.075 0.489062 0.071875 0.489062 0.065625 0.738957
0 0.871875 0.390625 0.871875 0.395312 0.867188 0.4 0.867188 0.401563 0.865625 0.403125 0.859375 0.403125 0.859375 0.426562 0.865625 0.426562 0.86875 0.429688 0.870313 0.429688 0.871875 0.43125 0.873438 0.43125 0.876562 0.434375 0.876562 0.439063 0.882812 0.439063 0.882812 0.434375 0.885938 0.43125 0.8875 0.43125 0.889063 0.429688 0.890625 0.429688 0.892187 0.428125 0.89375 0.428125 0.9 0.421875 0.9 0.415625 0.901563 0.414062 0.901563 0.410937 0.9 0.409375 0.9 0.403125 0.898438 0.401563 0.898438 0.4 0.895312 0.396875 0.895312 0.390625 0.735721
0 0.890625 0.215625 0.890625 0.257812 0.9125 0.257812 0.9125 0.253125 0.915625 0.25 0.917188 0.25 0.925 0.242188 0.925 0.235938 0.926562 0.234375 0.925 0.232812 0.925 0.229687 0.923437 0.228125 0.923437 0.226562 0.921875 0.225 0.921875 0.223438 0.91875 0.220313 0.91875 0.215625 0.732627
0 0.20625 0.546875 0.20625 0.551562 0.204688 0.553125 0.204688 0.554688 0.203125 0.55625 0.196875 0.55625 0.196875 0.582812 0.201562 0.582812 0.203125 0.584375 0.203125 0.589063 0.225 0.589063 0.225 0.584375 0.228125 0.58125 0.229687 0.58125 0.239063 0.571875 0.239063 0.570312 0.240625 0.56875 0.245312 0.56875 0.245312 0.560938 0.240625 0.560938 0.2375 0.557813 0.2375 0.55625 0.232812 0.551562 0.232812 0.546875 0.727991
0 0.5125 0.971875 0.5125 0.976562 0.507812 0.98125 0.503125 0.98125 0.503125 0.998438 0.551562 0.998438 0.551562 0.99375 0.546875 0.99375 0.545313 0.992188 0.545313 0.990625 0.540625 0.985937 0.540625 0.984375 0.5375 0.98125 0.5375 0.979688 0.535937 0.978125 0.535937 0.971875 0.719011
0 0.739062 0.046875 0.739062 0.053125 0.735937 0.05625 0.735937 0.0578125 0.734375 0.059375 0.728125 0.059375 0.728125 0.0828125 0.734375 0.0828125 0.735937 0.084375 0.735937 0.0890625 0.753125 0.0890625 0.753125 0.084375 0.75625 0.08125 0.757812 0.08125 0.760938 0.078125 0.7625 0.078125 0.7625 0.0765625 0.764063 0.075 0.764063 0.0734375 0.765625 0.071875 0.770312 0.071875 0.770312 0.0578125 0.765625 0.0578125 0.7625 0.0546875 0.7625 0.053125 0.760938 0.0515625 0.760938 0.046875 0.714821
0 0.834375 0.665625 0.834375 0.698438 0.842188 0.698438 0.84375 0.7 0.853125 0.7 0.854688 0.698438 0.85625 0.698438 0.865625 0.689062 0.870313 0.689062 0.870313 0.68125 0.865625 0.68125 0.8625 0.678125 0.8625 0.676562 0.857813 0.671875 0.857813 0.665625 0.704895
0 0.640625 0.690625 0.640625 0.71875 0.646875 0.71875 0.648438 0.720312 0.65 0.720312 0.651563 0.721875 0.651563 0.726562 0.670313 0.726562 0.670313 0.721875 0.678125 0.714063 0.682813 0.714063 0.682813 0.696875 0.678125 0.696875 0.676562 0.695312 0.676562 0.690625 0.702457
0 0.984375 0.121875 0.984375 0.157813 0.998438 0.157813 0.998438 0.121875 0.679287
0 0.278125 0.003125 0.278125 0.021875 0.284375 0.021875 0.285937 0.0234375 0.2875 0.0234375 0.289062 0.025 0.292188 0.025 0.29375 0.0265625 0.303125 0.0265625 0.304688 0.025 0.30625 0.025 0.309375 0.021875 0.310937 0.021875 0.3125 0.0203125 0.3125 0.01875 0.317187 0.0140625 0.317187 0.0125 0.31875 0.0109375 0.31875 0.003125 0.672999
0 0.184375 0 0.184375 0.0203125 0.189063 0.0203125 0.195312 0.0265625 0.196875 0.0265625 0.204688 0.034375 0.204688 0.0390625 0.217187 0.0390625 0.217187 0.034375 0.21875 0.0328125 0.21875 0.03125 0.229687 0.0203125 0.229687 0.01875 0.232812 0.015625 0.232812 0.0125 0.234375 0.0109375 0.239063 0.0109375 0.239063 0.009375 0.234375 0.009375 0.232812 0.0078125 0.232812 0.00625 0.23125 0.0046875 0.23125 0 0.672224
0 0.421875 0.978125 0.421875 0.982813 0.41875 0.985937 0.417188 0.985937 0.414062 0.989062 0.409375 0.989062 0.409375 0.998438 0.464063 0.998438 0.464063 0.995313 0.457812 0.995313 0.453125 0.990625 0.453125 0.989062 0.45 0.985937 0.45 0.984375 0.448438 0.982813 0.448438 0.978125 0.666588
0 0.378125 0.003125 0.378125 0.01875 0.385938 0.01875 0.3875 0.0203125 0.395312 0.0203125 0.396875 0.01875 0.4 0.01875 0.403125 0.015625 0.404687 0.015625 0.409375 0.0109375 0.414062 0.0109375 0.414062 0.003125 0.660903
0 0.176563 0.734375 0.176563 0.740625 0.173438 0.74375 0.173438 0.745313 0.171875 0.746875 0.165625 0.746875 0.165625 0.775 0.171875 0.775 0.173438 0.776563 0.175 0.776563 0.176563 0.778125 0.178125 0.778125 0.179688 0.779688 0.18125 0.779688 0.182812 0.78125 0.192188 0.78125 0.19375 0.779688 0.195312 0.779688 0.20625 0.76875 0.20625 0.767187 0.209375 0.764063 0.214062 0.764063 0.214062 0.748438 0.207813 0.748438 0.20625 0.746875 0.20625 0.745313 0.201562 0.740625 0.201562 0.734375 0.647026
0 0.809375 0.771875 0.809375 0.807813 0.832812 0.807813 0.832812 0.803125 0.840625 0.795313 0.845312 0.795313 0.845312 0.785937 0.840625 0.785937 0.839063 0.784375 0.839063 0.782812 0.834375 0.778125 0.834375 0.771875 0.638234
0 0.984375 0.746875 0.984375 0.775 0.989062 0.775 0.992188 0.778125 0.992188 0.782812 0.998438 0.782812 0.998438 0.746875 0.623344
0 0.140625 0.928125 0.140625 0.970312 0.159375 0.970312 0.159375 0.965625 0.160938 0.964063 0.1625 0.964063 0.164062 0.9625 0.165625 0.9625 0.170312 0.957812 0.171875 0.957812 0.178125 0.951563 0.182812 0.951563 0.182812 0.934375 0.178125 0.934375 0.176563 0.932813 0.176563 0.928125 0.609476
0 0.003125 0.271875 0.003125 0.439063 0.0078125 0.439063 0.0078125 0.434375 0.0109375 0.43125 0.0109375 0.429688 0.0125 0.428125 0.0125 0.426562 0.0140625 0.425 0.040625 0.425 0.0421875 0.426562 0.04375 0.426562 0.0453125 0.428125 0.046875 0.428125 0.0484375 0.429688 0.0578125 0.429688 0.059375 0.428125 0.0609375 0.428125 0.065625 0.423438 0.065625 0.421875 0.0671875 0.420312 0.0671875 0.41875 0.06875 0.417188 0.06875 0.415625 0.0703125 0.414062 0.0703125 0.4125 0.071875 0.410937 0.071875 0.4 0.0734375 0.398438 0.0734375 0.392188 0.075 0.390625 0.075 0.3875 0.0765625 0.385938 0.0765625 0.382812 0.078125 0.38125 0.078125 0.378125 0.0796875 0.376563 0.0796875 0.375 0.08125 0.373437 0.08125 0.371875 0.084375 0.36875 0.0859375 0.36875 0.0875 0.367188 0.090625 0.367188 0.09375 0.364062 0.0953125 0.364062 0.0984375 0.360938 0.0984375 0.359375 0.1 0.357812 0.1 0.354688 0.101562 0.353125 0.101562 0.351562 0.103125 0.35 0.107813 0.35 0.107813 0.325 0.103125 0.325 0.1 0.321875 0.1 0.31875 0.096875 0.315625 0.096875 0.314063 0.0953125 0.3125 0.0953125 0.310937 0.0859375 0.301562 0.084375 0.301562 0.0828125 0.3 0.0640625 0.3 0.0625 0.298438 0.0578125 0.298438 0.0546875 0.295312 0.053125 0.295312 0.0515625 0.29375 0.05 0.29375 0.0484375 0.292188 0.046875 0.292188 0.0453125 0.290625 0.0421875 0.290625 0.040625 0.289062 0.0390625 0.289062 0.0375 0.2875 0.034375 0.2875 0.0328125 0.285937 0.028125 0.285937 0.0265625 0.284375 0.025 0.284375 0.0234375 0.282813 0.021875 0.282813 0.0171875 0.278125 0.0171875 0.271875 0.56317
