0 0.390625 0.909375 0.390625 0.95625 0.395312 0.95625 0.396875 0.957812 0.398438 0.957812 0.4 0.959375 0.401563 0.959375 0.403125 0.960938 0.407813 0.960938 0.409375 0.9625 0.421875 0.9625 0.423438 0.960938 0.428125 0.960938 0.434375 0.954687 0.434375 0.953125 0.435937 0.951563 0.435937 0.948438 0.4375 0.946875 0.4375 0.940625 0.439063 0.939062 0.439063 0.9375 0.440625 0.935938 0.445312 0.935938 0.445312 0.929688 0.440625 0.929688 0.439063 0.928125 0.439063 0.926562 0.4375 0.925 0.4375 0.923437 0.435937 0.921875 0.435937 0.920313 0.429688 0.914062 0.429688 0.909375 0.883487
0 0.345313 0.603125 0.345313 0.609375 0.342187 0.6125 0.340625 0.6125 0.339063 0.614062 0.334375 0.614062 0.334375 0.642187 0.339063 0.642187 0.345313 0.648438 0.348437 0.648438 0.35 0.65 0.36875 0.65 0.370313 0.648438 0.373437 0.648438 0.375 0.646875 0.376563 0.646875 0.385938 0.6375 0.385938 0.635938 0.3875 0.634375 0.3875 0.626562 0.385938 0.625 0.385938 0.623438 0.384375 0.621875 0.384375 0.620313 0.382812 0.61875 0.382812 0.617188 0.38125 0.615625 0.38125 0.614062 0.375 0.607813 0.375 0.603125 0.874097
0 0.353125 0.765625 0.353125 0.807813 0.371875 0.807813 0.371875 0.803125 0.375 0.8 0.375 0.798437 0.378125 0.795313 0.378125 0.79375 0.379687 0.792188 0.379687 0.789062 0.38125 0.7875 0.38125 0.779688 0.379687 0.778125 0.379687 0.775 0.376563 0.771875 0.376563 0.765625 0.870327
0 0.178125 0.959375 0.178125 0.990625 0.182812 0.990625 0.1875 0.995313 0.1875 0.998438 0.214062 0.998438 0.214062 0.973437 0.209375 0.973437 0.20625 0.970312 0.20625 0.96875 0.204688 0.967188 0.204688 0.965625 0.203125 0.964063 0.203125 0.959375 0.864547
0 0.309375 0.909375 0.309375 0.914062 0.307813 0.915625 0.303125 0.915625 0.303125 0.95 0.307813 0.95 0.310937 0.953125 0.310937 0.957812 0.332812 0.957812 0.332812 0.953125 0.3375 0.948438 0.339063 0.948438 0.342187 0.945312 0.342187 0.94375 0.34375 0.942187 0.34375 0.9375 0.345313 0.935938 0.345313 0.928125 0.34375 0.926562 0.34375 0.923437 0.342187 0.921875 0.342187 0.920313 0.335938 0.914062 0.335938 0.909375 0.861259
0 0.159375 0.603125 0.159375 0.646875 0.164062 0.646875 0.165625 0.648438 0.167187 0.648438 0.16875 0.65 0.170312 0.65 0.171875 0.651563 0.173438 0.651563 0.175 0.653125 0.176563 0.653125 0.178125 0.654688 0.182812 0.654688 0.184375 0.65625 0.192188 0.65625 0.19375 0.654688 0.195312 0.654688 0.196875 0.653125 0.196875 0.646875 0.198437 0.645312 0.198437 0.640625 0.2 0.639063 0.2 0.614062 0.198437 0.6125 0.198437 0.610937 0.196875 0.609375 0.196875 0.603125 0.859662
0 0.0734375 0.390625 0.0734375 0.396875 0.071875 0.398438 0.071875 0.4 0.0703125 0.401563 0.065625 0.401563 0.065625 0.434375 0.071875 0.434375 0.078125 0.440625 0.078125 0.445312 0.0953125 0.445312 0.0953125 0.440625 0.0984375 0.4375 0.1 0.4375 0.101562 0.435937 0.103125 0.435937 0.107813 0.43125 0.114063 0.43125 0.114063 0.407813 0.109375 0.407813 0.10625 0.404687 0.10625 0.403125 0.1 0.396875 0.1 0.390625 0.851384
0 0.309375 0.653125 0.309375 0.657812 0.307813 0.659375 0.307813 0.660937 0.301562 0.667188 0.296875 0.667188 0.296875 0.698438 0.301562 0.698438 0.303125 0.7 0.304688 0.7 0.30625 0.701563 0.307813 0.701563 0.310937 0.704687 0.3125 0.704687 0.314063 0.70625 0.317187 0.70625 0.320312 0.709375 0.320312 0.714063 0.326562 0.714063 0.326562 0.709375 0.328125 0.707812 0.329688 0.707812 0.33125 0.70625 0.332812 0.70625 0.339063 0.7 0.339063 0.698438 0.342187 0.695312 0.342187 0.69375 0.34375 0.692187 0.34375 0.690625 0.345313 0.689062 0.351562 0.689062 0.351562 0.664062 0.345313 0.664062 0.339063 0.657812 0.339063 0.653125 0.848747
0 0.740625 0.540625 0.740625 0.6 0.746875 0.6 0.748438 0.601562 0.748438 0.603125 0.75 0.604688 0.751562 0.604688 0.753125 0.60625 0.754687 0.60625 0.757812 0.609375 0.757812 0.614062 0.759375 0.614062 0.759375 0.609375 0.760938 0.607813 0.7625 0.607813 0.764063 0.60625 0.767187 0.60625 0.76875 0.604688 0.770312 0.604688 0.771875 0.603125 0.773438 0.603125 0.775 0.601562 0.776563 0.601562 0.78125 0.596875 0.782812 0.596875 0.784375 0.595312 0.784375 0.59375 0.785937 0.592188 0.785937 0.590625 0.7875 0.589063 0.7875 0.5875 0.790625 0.584375 0.795313 0.584375 0.795313 0.565625 0.790625 0.565625 0.789062 0.564062 0.789062 0.559375 0.7875 0.557813 0.7875 0.551562 0.785937 0.55 0.785937 0.548437 0.782812 0.545313 0.782812 0.540625 0.846507
0 0.096875 0.946875 0.096875 0.998438 0.14375 0.998438 0.14375 0.982813 0.142188 0.98125 0.142188 0.973437 0.14375 0.971875 0.14375 0.9625 0.142188 0.960938 0.142188 0.957812 0.140625 0.95625 0.140625 0.954687 0.139062 0.953125 0.139062 0.946875 0.845724
0 0.1 0.696875 0.1 0.703125 0.0984375 0.704687 0.0984375 0.70625 0.0953125 0.709375 0.090625 0.709375 0.090625 0.75 0.096875 0.75 0.10625 0.759375 0.107813 0.759375 0.109375 0.760938 0.110937 0.760938 0.1125 0.7625 0.114063 0.7625 0.115625 0.764063 0.121875 0.764063 0.125 0.760938 0.126563 0.760938 0.129688 0.757812 0.129688 0.754687 0.13125 0.753125 0.13125 0.75 0.132812 0.748438 0.132812 0.745313 0.134375 0.74375 0.134375 0.740625 0.135937 0.739062 0.135937 0.735937 0.1375 0.734375 0.1375 0.720312 0.135937 0.71875 0.135937 0.715625 0.134375 0.714063 0.134375 0.707812 0.128125 0.701563 0.128125 0.696875 0.842553
0 0 0.071875 0 0.104687 0.0015625 0.104687 0.003125 0.10625 0.0046875 0.10625 0.0078125 0.109375 0.0078125 0.114063 0.0234375 0.114063 0.0234375 0.109375 0.0265625 0.10625 0.028125 0.10625 0.034375 0.1 0.0390625 0.1 0.0390625 0.084375 0.034375 0.084375 0.03125 0.08125 0.03125 0.0796875 0.0296875 0.078125 0.0296875 0.071875 0.831234
0 0.346875 0.809375 0.346875 0.848437 0.353125 0.848437 0.354688 0.85 0.364062 0.85 0.365625 0.851562 0.367188 0.851562 0.36875 0.853125 0.36875 0.857813 0.378125 0.857813 0.378125 0.853125 0.379687 0.851562 0.379687 0.85 0.382812 0.846875 0.382812 0.84375 0.384375 0.842188 0.384375 0.839063 0.385938 0.8375 0.385938 0.834375 0.3875 0.832812 0.3875 0.81875 0.385938 0.817187 0.385938 0.815625 0.384375 0.814062 0.384375 0.809375 0.830737
0 0.571875 0.653125 0.571875 0.692187 0.576563 0.692187 0.578125 0.69375 0.579687 0.69375 0.582812 0.696875 0.582812 0.701563 0.590625 0.701563 0.590625 0.696875 0.59375 0.69375 0.596875 0.69375 0.60625 0.684375 0.60625 0.68125 0.607813 0.679688 0.607813 0.678125 0.609375 0.676562 0.614062 0.676562 0.614062 0.670313 0.609375 0.670313 0.607813 0.66875 0.607813 0.665625 0.60625 0.664062 0.60625 0.6625 0.604688 0.660937 0.604688 0.653125 0.828208
0 0.640625 0.709375 0.640625 0.748438 0.646875 0.748438 0.648438 0.75 0.648438 0.751562 0.651563 0.754687 0.653125 0.754687 0.654688 0.75625 0.657812 0.75625 0.659375 0.757812 0.660937 0.75625 0.667188 0.75625 0.66875 0.754687 0.671875 0.754687 0.673437 0.753125 0.675 0.753125 0.676562 0.751562 0.678125 0.751562 0.68125 0.748438 0.68125 0.746875 0.684375 0.74375 0.689062 0.74375 0.689062 0.723437 0.684375 0.723437 0.676562 0.715625 0.676562 0.709375 0.822284
0 0.934375 0.803125 0.934375 0.853125 0.954687 0.853125 0.95625 0.854688 0.973437 0.854688 0.978125 0.85 0.978125 0.848437 0.979688 0.846875 0.979688 0.8375 0.98125 0.835938 0.98125 0.820312 0.978125 0.817187 0.978125 0.815625 0.970312 0.807813 0.970312 0.803125 0.819608
0 0.584375 0.203125 0.584375 0.25625 0.589063 0.25625 0.59375 0.260938 0.595312 0.260938 0.598437 0.264062 0.6 0.264062 0.601562 0.265625 0.603125 0.265625 0.604688 0.267188 0.60625 0.267188 0.607813 0.26875 0.609375 0.26875 0.6125 0.271875 0.6125 0.276563 0.628125 0.276563 0.628125 0.271875 0.629687 0.270312 0.63125 0.270312 0.632812 0.26875 0.634375 0.26875 0.639063 0.264062 0.640625 0.264062 0.642187 0.2625 0.642187 0.260938 0.64375 0.259375 0.64375 0.257812 0.646875 0.254687 0.651563 0.254687 0.651563 0.232812 0.646875 0.232812 0.645312 0.23125 0.645312 0.229687 0.64375 0.228125 0.64375 0.225 0.640625 0.221875 0.640625 0.220313 0.63125 0.210938 0.629687 0.210938 0.628125 0.209375 0.628125 0.203125 0.819148
0 0.790625 0.846875 0.790625 0.85625 0.792188 0.857813 0.792188 0.860937 0.795313 0.864062 0.795313 0.867188 0.796875 0.86875 0.796875 0.873438 0.795313 0.875 0.795313 0.876562 0.789062 0.882812 0.784375 0.882812 0.784375 0.901563 0.790625 0.901563 0.796875 0.907812 0.798437 0.907812 0.80625 0.915625 0.80625 0.920313 0.820312 0.920313 0.820312 0.915625 0.821875 0.914062 0.823438 0.914062 0.825 0.9125 0.826563 0.9125 0.828125 0.910937 0.832812 0.910937 0.834375 0.909375 0.835938 0.909375 0.839063 0.90625 0.839063 0.904688 0.840625 0.903125 0.840625 0.896875 0.839063 0.895312 0.839063 0.889063 0.840625 0.8875 0.840625 0.884375 0.842188 0.882812 0.842188 0.878125 0.84375 0.876562 0.842188 0.875 0.842188 0.870313 0.839063 0.867188 0.839063 0.865625 0.8375 0.864062 0.8375 0.8625 0.834375 0.859375 0.834375 0.857813 0.832812 0.85625 0.83125 0.85625 0.829687 0.854688 0.828125 0.854688 0.826563 0.853125 0.823438 0.853125 0.821875 0.851562 0.821875 0.846875 0.818538
0 0.290625 0.809375 0.290625 0.857813 0.317187 0.857813 0.317187 0.853125 0.320312 0.85 0.321875 0.85 0.321875 0.848437 0.325 0.845312 0.325 0.84375 0.328125 0.840625 0.332812 0.840625 0.332812 0.820312 0.328125 0.820312 0.325 0.817187 0.325 0.815625 0.323438 0.814062 0.323438 0.809375 0.81617
0 0.89375 0.690625 0.89375 0.695312 0.889063 0.7 0.889063 0.701563 0.8875 0.703125 0.8875 0.704687 0.885938 0.70625 0.885938 0.709375 0.882812 0.7125 0.878125 0.7125 0.878125 0.742188 0.882812 0.742188 0.884375 0.74375 0.885938 0.74375 0.889063 0.746875 0.889063 0.751562 0.915625 0.751562 0.915625 0.746875 0.91875 0.74375 0.920313 0.74375 0.921875 0.742188 0.923437 0.742188 0.925 0.740625 0.926562 0.740625 0.932813 0.734375 0.939062 0.734375 0.939062 0.721875 0.934375 0.721875 0.929688 0.717188 0.929688 0.715625 0.928125 0.714063 0.928125 0.7125 0.926562 0.710938 0.926562 0.707812 0.925 0.70625 0.925 0.704687 0.920313 0.7 0.917188 0.7 0.915625 0.698438 0.9125 0.698438 0.909375 0.695312 0.909375 0.690625 0.815592
0 0.665625 0.753125 0.665625 0.795313 0.670313 0.795313 0.671875 0.796875 0.673437 0.796875 0.675 0.798437 0.678125 0.798437 0.679688 0.8 0.689062 0.8 0.690625 0.798437 0.698438 0.798437 0.7 0.796875 0.701563 0.796875 0.704687 0.79375 0.704687 0.792188 0.70625 0.790625 0.70625 0.7875 0.707812 0.785937 0.707812 0.78125 0.70625 0.779688 0.70625 0.773438 0.704687 0.771875 0.704687 0.770312 0.703125 0.76875 0.703125 0.767187 0.701563 0.765625 0.701563 0.764063 0.7 0.7625 0.7 0.759375 0.698438 0.757812 0.698438 0.753125 0.815581
0 0 0.946875 0 0.998438 0.0203125 0.998438 0.0203125 0.996875 0.0234375 0.99375 0.0234375 0.992188 0.0265625 0.989062 0.0265625 0.9875 0.0296875 0.984375 0.0296875 0.979688 0.03125 0.978125 0.03125 0.967188 0.0296875 0.965625 0.0296875 0.964063 0.028125 0.9625 0.028125 0.960938 0.021875 0.954687 0.0203125 0.954687 0.0171875 0.951563 0.0171875 0.946875 0.815352
0 0.009375 0.121875 0.009375 0.153125 0.015625 0.153125 0.0171875 0.154687 0.0203125 0.154687 0.021875 0.15625 0.0234375 0.154687 0.0296875 0.154687 0.03125 0.153125 0.0328125 0.153125 0.0390625 0.146875 0.0390625 0.145313 0.040625 0.14375 0.0453125 0.14375 0.0453125 0.129688 0.040625 0.129688 0.0375 0.126563 0.0375 0.121875 0.813146
0 0.853125 0.103125 0.853125 0.135937 0.857813 0.135937 0.8625 0.140625 0.8625 0.145313 0.879687 0.145313 0.879687 0.139062 0.88125 0.1375 0.882812 0.1375 0.885938 0.134375 0.885938 0.132812 0.8875 0.13125 0.8875 0.128125 0.889063 0.126563 0.889063 0.121875 0.8875 0.120312 0.8875 0.117188 0.885938 0.115625 0.885938 0.114063 0.884375 0.1125 0.884375 0.110937 0.88125 0.107813 0.88125 0.103125 0.811182
0 0.009375 0.396875 0.009375 0.432813 0.015625 0.432813 0.0203125 0.4375 0.025 0.4375 0.0265625 0.439063 0.028125 0.439063 0.0296875 0.4375 0.034375 0.4375 0.04375 0.428125 0.04375 0.426562 0.046875 0.423438 0.046875 0.421875 0.0484375 0.420312 0.0484375 0.41875 0.05 0.417188 0.05 0.407813 0.0484375 0.40625 0.0484375 0.404687 0.0453125 0.401563 0.0453125 0.396875 0.808792
0 0.353125 0.965625 0.353125 0.970312 0.351562 0.971875 0.346875 0.971875 0.346875 0.998438 0.38125 0.998438 0.38125 0.995313 0.384375 0.992188 0.389062 0.992188 0.389062 0.98125 0.384375 0.98125 0.382812 0.979688 0.382812 0.978125 0.38125 0.976562 0.38125 0.975 0.378125 0.971875 0.378125 0.965625 0.80801
0 0.003125 0.803125 0.003125 0.84375 0.0078125 0.84375 0.009375 0.845312 0.0109375 0.845312 0.0125 0.846875 0.0125 0.851562 0.025 0.851562 0.025 0.846875 0.0328125 0.839063 0.0328125 0.8375 0.034375 0.835938 0.0390625 0.835938 0.0390625 0.810938 0.0328125 0.810938 0.03125 0.809375 0.03125 0.803125 0.804557
0 0.846875 0.590625 0.846875 0.629687 0.853125 0.629687 0.854688 0.63125 0.85625 0.63125 0.859375 0.634375 0.859375 0.639063 0.876562 0.639063 0.876562 0.634375 0.879687 0.63125 0.88125 0.63125 0.885938 0.626562 0.885938 0.625 0.8875 0.623438 0.8875 0.621875 0.889063 0.620313 0.889063 0.61875 0.890625 0.617188 0.895312 0.617188 0.895312 0.607813 0.889063 0.607813 0.8875 0.60625 0.8875 0.604688 0.88125 0.598437 0.879687 0.598437 0.878125 0.596875 0.878125 0.590625 0.80433
0 0 0.846875 0 0.9 0.00625 0.9 0.0078125 0.898438 0.009375 0.898438 0.0109375 0.896875 0.0125 0.896875 0.0171875 0.892187 0.0171875 0.890625 0.0234375 0.884375 0.0234375 0.882812 0.025 0.88125 0.025 0.879687 0.0265625 0.878125 0.0265625 0.870313 0.025 0.86875 0.025 0.867188 0.0234375 0.865625 0.0234375 0.8625 0.021875 0.860937 0.021875 0.859375 0.0203125 0.857813 0.0203125 0.85625 0.0171875 0.853125 0.0171875 0.846875 0.804065
0 0.090625 0.859375 0.090625 0.901563 0.115625 0.901563 0.115625 0.896875 0.11875 0.89375 0.11875 0.892187 0.120312 0.890625 0.120312 0.889063 0.123438 0.885938 0.123438 0.884375 0.125 0.882812 0.125 0.871875 0.123438 0.870313 0.123438 0.86875 0.121875 0.867188 0.121875 0.865625 0.120312 0.864062 0.120312 0.859375 0.800148
0 0.571875 0.703125 0.571875 0.709375 0.570312 0.710938 0.570312 0.7125 0.56875 0.714063 0.56875 0.715625 0.567187 0.717188 0.567187 0.71875 0.564062 0.721875 0.559375 0.721875 0.559375 0.75 0.570312 0.75 0.578125 0.757812 0.578125 0.759375 0.576563 0.760938 0.575 0.760938 0.571875 0.764063 0.56875 0.764063 0.567187 0.765625 0.559375 0.765625 0.559375 0.770312 0.579687 0.770312 0.579687 0.760938 0.58125 0.759375 0.584375 0.759375 0.585938 0.760938 0.592188 0.760938 0.59375 0.759375 0.595312 0.759375 0.596875 0.757812 0.596875 0.75625 0.6 0.753125 0.6 0.751562 0.60625 0.745313 0.60625 0.74375 0.609375 0.740625 0.614062 0.740625 0.614062 0.7375 0.609375 0.7375 0.607813 0.735937 0.607813 0.732813 0.60625 0.73125 0.60625 0.728125 0.604688 0.726562 0.604688 0.725 0.603125 0.723437 0.603125 0.721875 0.601562 0.720312 0.601562 0.715625 0.6 0.714063 0.6 0.710938 0.598437 0.709375 0.598437 0.703125 0.797931
0 0.165625 0.909375 0.165625 0.953125 0.171875 0.953125 0.173438 0.954687 0.176563 0.954687 0.178125 0.95625 0.18125 0.95625 0.182812 0.957812 0.189063 0.957812 0.190625 0.95625 0.19375 0.95625 0.198437 0.951563 0.198437 0.95 0.2 0.948438 0.2 0.942187 0.201562 0.940625 0.201562 0.9375 0.204688 0.934375 0.204688 0.932813 0.20625 0.93125 0.20625 0.929688 0.209375 0.926562 0.214062 0.926562 0.214062 0.921875 0.209375 0.921875 0.201562 0.914062 0.201562 0.909375 0.796423
0 0.290625 0.965625 0.290625 0.998438 0.31875 0.998438 0.31875 0.995313 0.321875 0.992188 0.326562 0.992188 0.326562 0.965625 0.796369
0 0.195312 0.753125 0.195312 0.757812 0.189063 0.764063 0.184375 0.764063 0.184375 0.796875 0.190625 0.796875 0.192188 0.798437 0.19375 0.798437 0.195312 0.8 0.198437 0.8 0.201562 0.803125 0.201562 0.807813 0.203125 0.807813 0.203125 0.803125 0.20625 0.8 0.209375 0.8 0.210938 0.798437 0.2125 0.798437 0.215625 0.795313 0.217187 0.795313 0.220313 0.792188 0.221875 0.792188 0.223438 0.790625 0.225 0.790625 0.225 0.7875 0.226562 0.785937 0.226562 0.78125 0.225 0.779688 0.225 0.773438 0.223438 0.771875 0.223438 0.770312 0.221875 0.76875 0.221875 0.767187 0.220313 0.765625 0.220313 0.764063 0.217187 0.760938 0.217187 0.753125 0.796064
0 0.084375 0.609375 0.084375 0.645312 0.090625 0.645312 0.0921875 0.646875 0.0921875 0.651563 0.109375 0.651563 0.109375 0.645312 0.110937 0.64375 0.1125 0.64375 0.115625 0.640625 0.115625 0.639063 0.117188 0.6375 0.117188 0.635938 0.11875 0.634375 0.11875 0.63125 0.120312 0.629687 0.120312 0.626562 0.11875 0.625 0.11875 0.61875 0.117188 0.617188 0.117188 0.615625 0.115625 0.614062 0.115625 0.609375 0.795102
0 0.309375 0.715625 0.309375 0.753125 0.315625 0.753125 0.317187 0.754687 0.31875 0.754687 0.320312 0.75625 0.323438 0.75625 0.325 0.754687 0.328125 0.754687 0.329688 0.753125 0.33125 0.753125 0.340625 0.74375 0.345313 0.74375 0.345313 0.725 0.340625 0.725 0.3375 0.721875 0.3375 0.715625 0.795082
0 0.646875 0.603125 0.646875 0.651563 0.673437 0.651563 0.673437 0.646875 0.68125 0.639063 0.68125 0.6375 0.684375 0.634375 0.689062 0.634375 0.689062 0.614062 0.682813 0.614062 0.68125 0.6125 0.68125 0.610937 0.679688 0.609375 0.679688 0.603125 0.79466
0 0.828125 0.753125 0.828125 0.798437 0.832812 0.798437 0.834375 0.8 0.839063 0.8 0.840625 0.801562 0.84375 0.801562 0.845312 0.803125 0.845312 0.807813 0.846875 0.807813 0.846875 0.803125 0.848437 0.801562 0.85 0.801562 0.860937 0.790625 0.860937 0.789062 0.8625 0.7875 0.8625 0.785937 0.864062 0.784375 0.864062 0.776563 0.8625 0.775 0.8625 0.770312 0.860937 0.76875 0.860937 0.767187 0.859375 0.765625 0.859375 0.7625 0.857813 0.760938 0.857813 0.759375 0.85625 0.757812 0.85625 0.753125 0.794368
0 0.128125 0.203125 0.128125 0.239063 0.15625 0.239063 0.15625 0.234375 0.159375 0.23125 0.159375 0.229687 0.160938 0.228125 0.160938 0.226562 0.1625 0.225 0.1625 0.221875 0.164062 0.220313 0.164062 0.214062 0.1625 0.2125 0.1625 0.209375 0.160938 0.207813 0.160938 0.203125 0.792194
0 0.296875 0.859375 0.296875 0.889063 0.303125 0.889063 0.30625 0.892187 0.307813 0.892187 0.309375 0.89375 0.323438 0.89375 0.328125 0.889063 0.332812 0.889063 0.332812 0.86875 0.328125 0.86875 0.325 0.865625 0.325 0.859375 0.791073
0 0.0546875 0.646875 0.0546875 0.651563 0.0515625 0.654688 0.046875 0.654688 0.046875 0.689062 0.0515625 0.689062 0.0640625 0.701563 0.0640625 0.703125 0.065625 0.704687 0.0671875 0.704687 0.0703125 0.707812 0.071875 0.707812 0.0734375 0.70625 0.0765625 0.70625 0.078125 0.704687 0.0796875 0.704687 0.0875 0.696875 0.0875 0.695312 0.0890625 0.69375 0.0890625 0.692187 0.090625 0.690625 0.090625 0.684375 0.0921875 0.682813 0.0921875 0.673437 0.09375 0.671875 0.09375 0.6625 0.0921875 0.660937 0.0921875 0.657812 0.090625 0.65625 0.0890625 0.65625 0.0859375 0.653125 0.0859375 0.646875 0.790783
0 0.571875 0.965625 0.571875 0.998438 0.607813 0.998438 0.607813 0.99375 0.609375 0.992188 0.614062 0.992188 0.614062 0.984375 0.609375 0.984375 0.607813 0.982813 0.607813 0.98125 0.60625 0.979688 0.60625 0.978125 0.604688 0.976562 0.604688 0.975 0.603125 0.973437 0.603125 0.971875 0.601562 0.970312 0.601562 0.965625 0.786861
0 0.746875 0.803125 0.746875 0.84375 0.751562 0.84375 0.757812 0.85 0.7625 0.85 0.764063 0.851562 0.771875 0.851562 0.773438 0.85 0.775 0.85 0.776563 0.848437 0.778125 0.848437 0.782812 0.84375 0.789062 0.84375 0.789062 0.815625 0.784375 0.815625 0.78125 0.8125 0.78125 0.810938 0.779688 0.809375 0.779688 0.803125 0.786478
0 0.453125 0.921875 0.453125 0.957812 0.482812 0.957812 0.482812 0.953125 0.484375 0.951563 0.484375 0.95 0.485938 0.948438 0.485938 0.946875 0.4875 0.945312 0.4875 0.934375 0.485938 0.932813 0.485938 0.93125 0.482812 0.928125 0.482812 0.921875 0.78563
0 0.240625 0.703125 0.240625 0.707812 0.239063 0.709375 0.234375 0.709375 0.234375 0.745313 0.240625 0.745313 0.24375 0.748438 0.245312 0.748438 0.246875 0.75 0.25 0.75 0.251563 0.751562 0.253125 0.751562 0.254687 0.75 0.259375 0.75 0.260938 0.748438 0.2625 0.748438 0.26875 0.742188 0.26875 0.740625 0.270312 0.739062 0.270312 0.721875 0.26875 0.720312 0.26875 0.717188 0.267188 0.715625 0.267188 0.7125 0.265625 0.710938 0.265625 0.703125 0.78527
0 0.451562 0.753125 0.451562 0.759375 0.448438 0.7625 0.448438 0.764063 0.446875 0.765625 0.446875 0.767187 0.445312 0.76875 0.445312 0.770312 0.442187 0.773438 0.442187 0.775 0.439063 0.778125 0.434375 0.778125 0.434375 0.80625 0.439063 0.80625 0.442187 0.809375 0.442187 0.814062 0.465625 0.814062 0.465625 0.807813 0.467187 0.80625 0.46875 0.80625 0.473437 0.801562 0.473437 0.8 0.478125 0.795313 0.479688 0.795313 0.484375 0.790625 0.489062 0.790625 0.489062 0.778125 0.484375 0.778125 0.482812 0.776563 0.482812 0.775 0.48125 0.773438 0.48125 0.770312 0.479688 0.76875 0.479688 0.767187 0.478125 0.765625 0.478125 0.7625 0.476562 0.760938 0.476562 0.753125 0.782599
0 0.273438 0.765625 0.273438 0.770312 0.270312 0.773438 0.265625 0.773438 0.265625 0.807813 0.295312 0.807813 0.295312 0.803125 0.303125 0.795313 0.307813 0.795313 0.307813 0.775 0.303125 0.775 0.301562 0.773438 0.301562 0.771875 0.3 0.770312 0.3 0.765625 0.782589
0 0.659375 0.553125 0.659375 0.595312 0.665625 0.595312 0.667188 0.596875 0.670313 0.596875 0.671875 0.598437 0.673437 0.598437 0.675 0.6 0.676562 0.6 0.678125 0.601562 0.68125 0.601562 0.682813 0.6 0.684375 0.6 0.685938 0.598437 0.6875 0.598437 0.690625 0.595312 0.692187 0.595312 0.69375 0.59375 0.695312 0.59375 0.7 0.589063 0.7 0.585938 0.701563 0.584375 0.701563 0.58125 0.7 0.579687 0.7 0.575 0.698438 0.573438 0.698438 0.571875 0.695312 0.56875 0.695312 0.567187 0.69375 0.565625 0.69375 0.564062 0.692187 0.5625 0.692187 0.560938 0.689062 0.557813 0.689062 0.553125 0.782361
0 0.509375 0.921875 0.509375 0.954687 0.515625 0.954687 0.520312 0.959375 0.520312 0.964063 0.534375 0.964063 0.534375 0.957812 0.535937 0.95625 0.535937 0.954687 0.5375 0.953125 0.5375 0.94375 0.539062 0.942187 0.539062 0.9375 0.540625 0.935938 0.545313 0.935938 0.545313 0.93125 0.540625 0.93125 0.539062 0.929688 0.539062 0.928125 0.5375 0.926562 0.5375 0.921875 0.782338
0 0.375 0.709375 0.375 0.714063 0.370313 0.71875 0.365625 0.71875 0.365625 0.746875 0.371875 0.746875 0.373437 0.748438 0.375 0.748438 0.376563 0.75 0.378125 0.75 0.38125 0.753125 0.38125 0.757812 0.390625 0.757812 0.390625 0.753125 0.39375 0.75 0.395312 0.75 0.4 0.745313 0.4 0.74375 0.403125 0.740625 0.407813 0.740625 0.407813 0.73125 0.403125 0.73125 0.401563 0.729688 0.401563 0.728125 0.4 0.726562 0.4 0.725 0.398438 0.723437 0.398438 0.721875 0.396875 0.720312 0.396875 0.71875 0.39375 0.715625 0.39375 0.709375 0.781581
0 0.239063 0.609375 0.239063 0.614062 0.234375 0.61875 0.228125 0.61875 0.228125 0.642187 0.232812 0.642187 0.239063 0.648438 0.240625 0.648438 0.242188 0.65 0.24375 0.65 0.245312 0.651563 0.246875 0.651563 0.248437 0.65 0.251563 0.65 0.253125 0.648438 0.254687 0.648438 0.2625 0.640625 0.2625 0.639063 0.264062 0.6375 0.265625 0.6375 0.26875 0.634375 0.270312 0.634375 0.271875 0.632812 0.276563 0.632812 0.276563 0.620313 0.271875 0.620313 0.267188 0.615625 0.267188 0.609375 0.781256
0 0.515625 0.653125 0.515625 0.659375 0.514063 0.660937 0.509375 0.660937 0.509375 0.70625 0.514063 0.70625 0.517187 0.709375 0.51875 0.709375 0.520312 0.710938 0.521875 0.710938 0.523438 0.7125 0.535937 0.7125 0.5375 0.710938 0.539062 0.710938 0.54375 0.70625 0.54375 0.704687 0.545313 0.703125 0.545313 0.701563 0.546875 0.7 0.546875 0.698438 0.548437 0.696875 0.548437 0.692187 0.55 0.690625 0.55 0.673437 0.548437 0.671875 0.548437 0.670313 0.546875 0.66875 0.546875 0.667188 0.540625 0.660937 0.539062 0.660937 0.5375 0.659375 0.5375 0.653125 0.777927
0 0.959375 0.753125 0.959375 0.785937 0.965625 0.785937 0.967188 0.7875 0.975 0.7875 0.976562 0.785937 0.979688 0.785937 0.985937 0.779688 0.985937 0.778125 0.9875 0.776563 0.9875 0.764063 0.985937 0.7625 0.985937 0.753125 0.776787
0 0.021875 0.015625 0.021875 0.0453125 0.028125 0.0453125 0.0296875 0.046875 0.0296875 0.0484375 0.0328125 0.0515625 0.0328125 0.0578125 0.0421875 0.0578125 0.0421875 0.053125 0.0453125 0.05 0.046875 0.05 0.053125 0.04375 0.0578125 0.04375 0.0578125 0.03125 0.053125 0.03125 0.05 0.028125 0.05 0.0265625 0.0453125 0.021875 0.0453125 0.015625 0.776561
0 0.528125 0.871875 0.528125 0.898438 0.535937 0.898438 0.5375 0.9 0.54375 0.9 0.545313 0.901563 0.546875 0.901563 0.548437 0.9 0.55 0.9 0.551562 0.898438 0.553125 0.898438 0.554688 0.896875 0.554688 0.895312 0.559375 0.890625 0.564062 0.890625 0.564062 0.871875 0.775298
0 0.610937 0.753125 0.610937 0.757812 0.607813 0.760938 0.603125 0.760938 0.603125 0.792188 0.609375 0.792188 0.610937 0.79375 0.6125 0.79375 0.615625 0.796875 0.615625 0.801562 0.621875 0.801562 0.621875 0.796875 0.623438 0.795313 0.625 0.795313 0.626562 0.79375 0.628125 0.79375 0.629687 0.792188 0.63125 0.792188 0.634375 0.789062 0.639063 0.789062 0.639063 0.764063 0.634375 0.764063 0.629687 0.759375 0.629687 0.753125 0.775295
0 0.809375 0.596875 0.809375 0.645312 0.826563 0.645312 0.826563 0.640625 0.835938 0.63125 0.835938 0.629687 0.8375 0.628125 0.8375 0.621875 0.839063 0.620313 0.839063 0.607813 0.8375 0.60625 0.8375 0.596875 0.774306
0 0.690625 0.609375 0.690625 0.6375 0.695312 0.6375 0.698438 0.640625 0.7 0.640625 0.703125 0.64375 0.710938 0.64375 0.715625 0.639063 0.720312 0.639063 0.720312 0.609375 0.773679
0 0.359375 0.859375 0.359375 0.896875 0.367188 0.896875 0.36875 0.898438 0.370313 0.898438 0.371875 0.9 0.384375 0.9 0.385938 0.898438 0.3875 0.898438 0.389062 0.896875 0.390625 0.896875 0.390625 0.895312 0.39375 0.892187 0.39375 0.8875 0.395312 0.885938 0.395312 0.879687 0.39375 0.878125 0.39375 0.875 0.392188 0.873438 0.392188 0.871875 0.390625 0.870313 0.390625 0.86875 0.3875 0.865625 0.3875 0.859375 0.773504
0 0.296875 0.321875 0.296875 0.35 0.304688 0.35 0.30625 0.351562 0.307813 0.351562 0.309375 0.35 0.314063 0.35 0.315625 0.348437 0.317187 0.348437 0.320312 0.345313 0.326562 0.345313 0.326562 0.321875 0.771653
0 0.053125 0.546875 0.053125 0.553125 0.0453125 0.560938 0.040625 0.560938 0.040625 0.59375 0.0453125 0.59375 0.05 0.598437 0.0515625 0.598437 0.053125 0.6 0.05625 0.6 0.0578125 0.601562 0.059375 0.601562 0.0609375 0.6 0.0640625 0.6 0.06875 0.595312 0.0703125 0.595312 0.078125 0.5875 0.0796875 0.5875 0.0796875 0.585938 0.08125 0.584375 0.08125 0.564062 0.0796875 0.5625 0.0796875 0.557813 0.078125 0.55625 0.078125 0.554688 0.0765625 0.553125 0.0765625 0.546875 0.766409
0 0.634375 0.653125 0.634375 0.695312 0.657812 0.695312 0.657812 0.690625 0.659375 0.689062 0.664062 0.689062 0.665625 0.6875 0.670313 0.6875 0.670313 0.667188 0.665625 0.667188 0.6625 0.664062 0.6625 0.6625 0.660937 0.660937 0.660937 0.659375 0.659375 0.657812 0.659375 0.653125 0.76554
0 0.596875 0.909375 0.596875 0.948438 0.603125 0.948438 0.60625 0.951563 0.607813 0.951563 0.6125 0.95625 0.623438 0.95625 0.629687 0.95 0.629687 0.948438 0.63125 0.946875 0.63125 0.942187 0.632812 0.940625 0.632812 0.939062 0.634375 0.9375 0.639063 0.9375 0.639063 0.91875 0.634375 0.91875 0.632812 0.917188 0.632812 0.915625 0.63125 0.914062 0.63125 0.909375 0.764169
0 0.921875 0.140625 0.921875 0.178125 0.928125 0.178125 0.934375 0.184375 0.934375 0.189063 0.953125 0.189063 0.953125 0.184375 0.95625 0.18125 0.957812 0.18125 0.960938 0.178125 0.960938 0.176563 0.965625 0.171875 0.970312 0.171875 0.970312 0.164062 0.965625 0.164062 0.9625 0.160938 0.9625 0.159375 0.960938 0.157813 0.960938 0.15625 0.959375 0.154687 0.959375 0.153125 0.953125 0.146875 0.953125 0.140625 0.763701
0 0.235938 0.846875 0.235938 0.851562 0.234375 0.853125 0.232812 0.853125 0.23125 0.854688 0.221875 0.854688 0.221875 0.901563 0.226562 0.901563 0.232812 0.907812 0.232812 0.914062 0.25625 0.914062 0.25625 0.909375 0.257812 0.907812 0.260938 0.907812 0.2625 0.90625 0.267188 0.90625 0.26875 0.904688 0.270312 0.904688 0.270312 0.903125 0.271875 0.901563 0.271875 0.9 0.275 0.896875 0.275 0.89375 0.276563 0.892187 0.276563 0.890625 0.278125 0.889063 0.282813 0.889063 0.282813 0.879687 0.278125 0.879687 0.276563 0.878125 0.276563 0.875 0.275 0.873438 0.275 0.871875 0.271875 0.86875 0.271875 0.867188 0.25625 0.851562 0.25625 0.846875 0.762368
0 0.753125 0.759375 0.753125 0.79375 0.770312 0.79375 0.771875 0.792188 0.773438 0.792188 0.779688 0.785937 0.779688 0.784375 0.78125 0.782812 0.78125 0.771875 0.779688 0.770312 0.779688 0.76875 0.778125 0.767187 0.778125 0.759375 0.760329
0 0.428125 0.871875 0.428125 0.90625 0.44375 0.90625 0.445312 0.904688 0.448438 0.904688 0.454688 0.898438 0.454688 0.896875 0.45625 0.895312 0.45625 0.890625 0.457812 0.889063 0.45625 0.8875 0.45625 0.879687 0.454688 0.878125 0.454688 0.871875 0.756676
0 0.0671875 0.803125 0.0671875 0.807813 0.0640625 0.810938 0.059375 0.810938 0.059375 0.8375 0.0640625 0.8375 0.06875 0.842188 0.06875 0.84375 0.071875 0.846875 0.0734375 0.846875 0.0765625 0.85 0.078125 0.85 0.0796875 0.851562 0.08125 0.851562 0.0828125 0.853125 0.0828125 0.857813 0.0921875 0.857813 0.0921875 0.853125 0.1 0.845312 0.1 0.832812 0.0984375 0.83125 0.0984375 0.826563 0.096875 0.825 0.096875 0.823438 0.0953125 0.821875 0.0953125 0.820312 0.09375 0.81875 0.09375 0.815625 0.0921875 0.814062 0.0921875 0.8125 0.0890625 0.809375 0.0890625 0.803125 0.754896
0 0.553125 0.915625 0.553125 0.95 0.559375 0.95 0.5625 0.953125 0.5625 0.957812 0.570312 0.957812 0.570312 0.953125 0.573438 0.95 0.575 0.95 0.578125 0.946875 0.579687 0.946875 0.58125 0.945312 0.58125 0.942187 0.582812 0.940625 0.582812 0.9375 0.584375 0.935938 0.589063 0.935938 0.589063 0.93125 0.584375 0.93125 0.582812 0.929688 0.582812 0.925 0.58125 0.923437 0.58125 0.915625 0.752895
0 0.242188 0.959375 0.242188 0.964063 0.240625 0.965625 0.234375 0.965625 0.234375 0.998438 0.270312 0.998438 0.270312 0.996875 0.273438 0.99375 0.273438 0.992188 0.275 0.990625 0.275 0.989062 0.276563 0.9875 0.276563 0.985937 0.278125 0.984375 0.282813 0.984375 0.282813 0.978125 0.278125 0.978125 0.276563 0.976562 0.276563 0.975 0.275 0.973437 0.275 0.971875 0.273438 0.970312 0.273438 0.96875 0.270312 0.965625 0.270312 0.959375 0.751584
0 0.65625 0.965625 0.65625 0.970312 0.651563 0.975 0.646875 0.975 0.646875 0.998438 0.685938 0.998438 0.685938 0.99375 0.6875 0.992188 0.6875 0.979688 0.685938 0.978125 0.685938 0.973437 0.684375 0.971875 0.684375 0.965625 0.749864
0 0 0.546875 0 0.595312 0.0125 0.595312 0.0125 0.590625 0.015625 0.5875 0.0171875 0.5875 0.01875 0.585938 0.0203125 0.585938 0.0234375 0.582812 0.0234375 0.58125 0.025 0.579687 0.025 0.575 0.0265625 0.573438 0.0265625 0.571875 0.028125 0.570312 0.0328125 0.570312 0.0328125 0.560938 0.028125 0.560938 0.0265625 0.559375 0.0265625 0.557813 0.025 0.55625 0.025 0.546875 0.749284
0 0.773438 0.603125 0.773438 0.609375 0.764063 0.61875 0.759375 0.61875 0.759375 0.640625 0.765625 0.640625 0.767187 0.642187 0.76875 0.642187 0.776563 0.65 0.779688 0.65 0.78125 0.651563 0.784375 0.651563 0.792188 0.64375 0.792188 0.642187 0.795313 0.639063 0.795313 0.6375 0.798437 0.634375 0.798437 0.6125 0.796875 0.610937 0.796875 0.603125 0.749064
0 0.003125 0.503125 0.003125 0.5375 0.0078125 0.5375 0.009375 0.539062 0.0109375 0.539062 0.0125 0.540625 0.0125 0.545313 0.01875 0.545313 0.01875 0.540625 0.021875 0.5375 0.0234375 0.5375 0.0234375 0.535937 0.028125 0.53125 0.028125 0.529688 0.0296875 0.528125 0.0296875 0.525 0.03125 0.523438 0.03125 0.510938 0.0296875 0.509375 0.0296875 0.503125 0.748964
0 0.040625 0.959375 0.040625 0.998438 0.0640625 0.998438 0.0640625 0.996875 0.065625 0.995313 0.0671875 0.995313 0.06875 0.99375 0.06875 0.989062 0.0703125 0.9875 0.0703125 0.96875 0.06875 0.967188 0.06875 0.959375 0.748153
0 0.840625 0.803125 0.840625 0.807813 0.834375 0.814062 0.834375 0.815625 0.832812 0.817187 0.828125 0.817187 0.828125 0.85 0.834375 0.85 0.8375 0.853125 0.8375 0.857813 0.859375 0.857813 0.859375 0.851562 0.860937 0.85 0.8625 0.85 0.865625 0.846875 0.865625 0.845312 0.867188 0.84375 0.867188 0.842188 0.86875 0.840625 0.86875 0.839063 0.870313 0.8375 0.870313 0.835938 0.871875 0.834375 0.876562 0.834375 0.876562 0.820312 0.871875 0.820312 0.86875 0.817187 0.86875 0.815625 0.864062 0.810938 0.8625 0.810938 0.860937 0.809375 0.860937 0.803125 0.748063
0 0.221875 0.659375 0.221875 0.692187 0.228125 0.692187 0.229687 0.69375 0.23125 0.69375 0.232812 0.695312 0.234375 0.695312 0.239063 0.7 0.248437 0.7 0.253125 0.695312 0.254687 0.695312 0.254687 0.69375 0.25625 0.692187 0.25625 0.690625 0.257812 0.689062 0.257812 0.6875 0.259375 0.685938 0.264062 0.685938 0.264062 0.676562 0.259375 0.676562 0.257812 0.675 0.257812 0.673437 0.25625 0.671875 0.25625 0.66875 0.254687 0.667188 0.254687 0.659375 0.745077
0 0.109375 0.653125 0.109375 0.701563 0.139062 0.701563 0.139062 0.696875 0.142188 0.69375 0.142188 0.692187 0.14375 0.690625 0.14375 0.6875 0.145313 0.685938 0.145313 0.675 0.146875 0.673437 0.151562 0.673437 0.151562 0.66875 0.146875 0.66875 0.145313 0.667188 0.145313 0.664062 0.14375 0.6625 0.14375 0.659375 0.142188 0.657812 0.142188 0.653125 0.744588
0 0.940625 0.703125 0.940625 0.735937 0.946875 0.735937 0.948438 0.7375 0.95 0.7375 0.953125 0.740625 0.953125 0.745313 0.960938 0.745313 0.960938 0.740625 0.9625 0.739062 0.964063 0.739062 0.967188 0.735937 0.96875 0.735937 0.96875 0.734375 0.971875 0.73125 0.971875 0.729688 0.973437 0.728125 0.973437 0.7125 0.971875 0.710938 0.971875 0.703125 0.743754
0 0.084375 0.496875 0.084375 0.540625 0.090625 0.540625 0.0921875 0.542188 0.09375 0.542188 0.0953125 0.54375 0.107813 0.54375 0.109375 0.542188 0.1125 0.542188 0.11875 0.535937 0.11875 0.534375 0.120312 0.532812 0.120312 0.529688 0.121875 0.528125 0.121875 0.526563 0.123438 0.525 0.123438 0.523438 0.125 0.521875 0.125 0.520312 0.126563 0.51875 0.126563 0.514063 0.123438 0.510938 0.123438 0.509375 0.121875 0.507812 0.120312 0.507812 0.117188 0.504687 0.115625 0.504687 0.1125 0.501562 0.1125 0.496875 0.741671
0 0.903125 0.753125 0.903125 0.757812 0.901563 0.759375 0.896875 0.759375 0.896875 0.790625 0.903125 0.790625 0.909375 0.796875 0.909375 0.801562 0.926562 0.801562 0.926562 0.795313 0.929688 0.792188 0.929688 0.7875 0.93125 0.785937 0.93125 0.767187 0.929688 0.765625 0.929688 0.764063 0.928125 0.7625 0.928125 0.760938 0.926562 0.759375 0.926562 0.753125 0.740514
0 0.946875 0.646875 0.946875 0.68125 0.95625 0.68125 0.957812 0.682813 0.959375 0.682813 0.960938 0.68125 0.965625 0.68125 0.96875 0.678125 0.96875 0.676562 0.971875 0.673437 0.976562 0.673437 0.976562 0.654688 0.971875 0.654688 0.96875 0.651563 0.96875 0.646875 0.736054
0 0.917188 0.859375 0.917188 0.865625 0.915625 0.867188 0.909375 0.867188 0.909375 0.901563 0.920313 0.901563 0.921875 0.903125 0.925 0.903125 0.926562 0.904688 0.929688 0.904688 0.93125 0.90625 0.94375 0.90625 0.945312 0.904688 0.946875 0.904688 0.95 0.901563 0.95 0.896875 0.951563 0.895312 0.95 0.89375 0.95 0.879687 0.948438 0.878125 0.948438 0.873438 0.946875 0.871875 0.946875 0.86875 0.945312 0.867188 0.945312 0.865625 0.94375 0.864062 0.94375 0.859375 0.732292
0 0.115625 0.796875 0.115625 0.835938 0.120312 0.835938 0.121875 0.8375 0.123438 0.8375 0.129688 0.84375 0.13125 0.84375 0.134375 0.846875 0.134375 0.851562 0.146875 0.851562 0.146875 0.846875 0.15 0.84375 0.15 0.842188 0.154687 0.8375 0.154687 0.835938 0.15625 0.834375 0.15625 0.832812 0.159375 0.829687 0.164062 0.829687 0.164062 0.81875 0.159375 0.81875 0.15625 0.815625 0.15625 0.814062 0.154687 0.8125 0.154687 0.810938 0.146875 0.803125 0.146875 0.796875 0.732137
0 0.203125 0.809375 0.203125 0.848437 0.209375 0.848437 0.210938 0.85 0.217187 0.85 0.21875 0.851562 0.234375 0.851562 0.235938 0.853125 0.235938 0.857813 0.245312 0.857813 0.245312 0.85 0.240625 0.85 0.2375 0.846875 0.240625 0.84375 0.245312 0.84375 0.245312 0.828125 0.240625 0.828125 0.239063 0.826563 0.239063 0.825 0.2375 0.823438 0.2375 0.821875 0.234375 0.81875 0.234375 0.817187 0.232812 0.817187 0.23125 0.815625 0.23125 0.809375 0.730307
0 0.515625 0.971875 0.515625 0.998438 0.557813 0.998438 0.557813 0.985937 0.553125 0.985937 0.551562 0.984375 0.551562 0.982813 0.55 0.98125 0.55 0.979688 0.548437 0.978125 0.548437 0.971875 0.730058
0 0.878125 0.646875 0.878125 0.685938 0.884375 0.685938 0.885938 0.6875 0.890625 0.6875 0.892187 0.689062 0.896875 0.689062 0.898438 0.6875 0.903125 0.6875 0.904688 0.685938 0.90625 0.685938 0.915625 0.676562 0.920313 0.676562 0.920313 0.646875 0.729807
0 0.415625 0.815625 0.415625 0.85 0.420312 0.85 0.421875 0.851562 0.423438 0.851562 0.425 0.853125 0.425 0.857813 0.440625 0.857813 0.440625 0.853125 0.446875 0.846875 0.451562 0.846875 0.451562 0.821875 0.446875 0.821875 0.445312 0.820312 0.445312 0.815625 0.728737
0 0.003125 0.646875 0.003125 0.7 0.0140625 0.7 0.0203125 0.69375 0.0203125 0.692187 0.021875 0.690625 0.021875 0.6875 0.0234375 0.685938 0.0234375 0.657812 0.021875 0.65625 0.021875 0.654688 0.0203125 0.653125 0.0203125 0.646875 0.72861
0 0.721875 0.653125 0.721875 0.698438 0.728125 0.698438 0.729688 0.7 0.740625 0.7 0.748438 0.692187 0.748438 0.689062 0.75 0.6875 0.75 0.685938 0.751562 0.684375 0.751562 0.682813 0.753125 0.68125 0.757812 0.68125 0.757812 0.667188 0.753125 0.667188 0.751562 0.665625 0.751562 0.664062 0.75 0.6625 0.75 0.660937 0.748438 0.659375 0.748438 0.653125 0.728543
0 0.95625 0.528125 0.95625 0.534375 0.954687 0.535937 0.954687 0.5375 0.951563 0.540625 0.946875 0.540625 0.946875 0.582812 0.959375 0.582812 0.960938 0.58125 0.967188 0.58125 0.96875 0.579687 0.971875 0.579687 0.973437 0.578125 0.975 0.578125 0.979688 0.573438 0.98125 0.573438 0.982813 0.571875 0.982813 0.570312 0.985937 0.567187 0.985937 0.5625 0.9875 0.560938 0.9875 0.551562 0.985937 0.55 0.985937 0.548437 0.984375 0.546875 0.984375 0.545313 0.979688 0.540625 0.979688 0.539062 0.976562 0.535937 0.976562 0.534375 0.975 0.532812 0.975 0.528125 0.727088
0 0.917188 0.584375 0.917188 0.589063 0.914062 0.592188 0.909375 0.592188 0.909375 0.635938 0.915625 0.635938 0.917188 0.6375 0.926562 0.6375 0.928125 0.635938 0.929688 0.635938 0.93125 0.634375 0.932813 0.634375 0.935938 0.63125 0.9375 0.63125 0.94375 0.625 0.94375 0.623438 0.945312 0.621875 0.945312 0.610937 0.94375 0.609375 0.94375 0.604688 0.942187 0.603125 0.942187 0.601562 0.939062 0.598437 0.939062 0.596875 0.9375 0.595312 0.9375 0.59375 0.935938 0.592188 0.935938 0.590625 0.934375 0.589063 0.934375 0.584375 0.724445
0 0.5875 0.546875 0.5875 0.553125 0.578125 0.5625 0.571875 0.5625 0.571875 0.6 0.576563 0.6 0.579687 0.603125 0.579687 0.614062 0.576563 0.617188 0.571875 0.617188 0.571875 0.642187 0.576563 0.642187 0.578125 0.64375 0.58125 0.64375 0.582812 0.645312 0.584375 0.645312 0.585938 0.64375 0.59375 0.64375 0.595312 0.645312 0.601562 0.639063 0.601562 0.635938 0.603125 0.634375 0.603125 0.629687 0.609375 0.623438 0.610937 0.623438 0.6125 0.621875 0.615625 0.621875 0.615625 0.620313 0.61875 0.617188 0.61875 0.615625 0.620313 0.614062 0.620313 0.6125 0.621875 0.610937 0.621875 0.609375 0.626562 0.604688 0.628125 0.604688 0.629687 0.603125 0.63125 0.603125 0.639063 0.595312 0.639063 0.59375 0.64375 0.589063 0.64375 0.5875 0.646875 0.584375 0.651563 0.584375 0.651563 0.567187 0.646875 0.567187 0.64375 0.564062 0.64375 0.5625 0.640625 0.559375 0.640625 0.557813 0.6375 0.554688 0.6375 0.553125 0.635938 0.551562 0.635938 0.546875 0.724203
0 0.0296875 0.596875 0.0296875 0.601562 0.0265625 0.604688 0.021875 0.604688 0.021875 0.64375 0.028125 0.64375 0.0328125 0.648438 0.0359375 0.648438 0.0375 0.65 0.04375 0.65 0.0453125 0.651563 0.0546875 0.651563 0.05625 0.65 0.0625 0.65 0.0640625 0.651563 0.0640625 0.657812 0.0703125 0.657812 0.0703125 0.651563 0.0640625 0.651563 0.0625 0.65 0.0625 0.645312 0.065625 0.642187 0.0703125 0.642187 0.0703125 0.6125 0.065625 0.6125 0.0578125 0.604688 0.05625 0.604688 0.053125 0.601562 0.053125 0.596875 0.722144
0 0.710938 0.896875 0.710938 0.901563 0.707812 0.904688 0.703125 0.904688 0.703125 0.9625 0.707812 0.9625 0.709375 0.964063 0.7125 0.964063 0.714063 0.965625 0.715625 0.965625 0.717188 0.967188 0.71875 0.967188 0.720312 0.96875 0.729688 0.96875 0.73125 0.967188 0.732813 0.967188 0.739062 0.960938 0.739062 0.959375 0.740625 0.957812 0.740625 0.95625 0.742188 0.954687 0.742188 0.951563 0.74375 0.95 0.74375 0.946875 0.746875 0.94375 0.751562 0.94375 0.751562 0.925 0.746875 0.925 0.745313 0.923437 0.745313 0.921875 0.74375 0.920313 0.74375 0.91875 0.742188 0.917188 0.742188 0.915625 0.7375 0.910937 0.7375 0.909375 0.735937 0.907812 0.735937 0.904688 0.734375 0.903125 0.734375 0.896875 0.721611
0 0.959375 0.378125 0.959375 0.420312 0.975 0.420312 0.975 0.414062 0.978125 0.410937 0.978125 0.409375 0.98125 0.40625 0.98125 0.404687 0.985937 0.4 0.985937 0.398438 0.9875 0.396875 0.9875 0.390625 0.985937 0.389062 0.985937 0.3875 0.98125 0.382812 0.98125 0.378125 0.721383
0 0.365625 0.653125 0.365625 0.657812 0.364062 0.659375 0.359375 0.659375 0.359375 0.698438 0.365625 0.698438 0.367188 0.7 0.367188 0.701563 0.371875 0.70625 0.373437 0.70625 0.376563 0.709375 0.376563 0.714063 0.378125 0.714063 0.378125 0.709375 0.379687 0.707812 0.38125 0.707812 0.382812 0.70625 0.384375 0.70625 0.385938 0.704687 0.385938 0.703125 0.390625 0.698438 0.390625 0.696875 0.392188 0.695312 0.392188 0.692187 0.39375 0.690625 0.39375 0.685938 0.395312 0.684375 0.395312 0.676562 0.396875 0.675 0.401563 0.675 0.401563 0.653125 0.717668
0 0.0515625 0.759375 0.0515625 0.764063 0.05 0.765625 0.05 0.767187 0.0484375 0.76875 0.0484375 0.770312 0.0453125 0.773438 0.040625 0.773438 0.040625 0.79375 0.0515625 0.79375 0.053125 0.795313 0.05625 0.795313 0.0578125 0.796875 0.0578125 0.801562 0.06875 0.801562 0.06875 0.796875 0.0734375 0.792188 0.0734375 0.790625 0.075 0.789062 0.075 0.785937 0.0765625 0.784375 0.0765625 0.779688 0.078125 0.778125 0.0828125 0.778125 0.0828125 0.775 0.078125 0.775 0.0765625 0.773438 0.0765625 0.770312 0.075 0.76875 0.075 0.767187 0.0734375 0.765625 0.0734375 0.759375 0.715562
0 0.090625 0.903125 0.090625 0.940625 0.096875 0.940625 0.0984375 0.942187 0.1 0.942187 0.101562 0.94375 0.10625 0.94375 0.107813 0.945312 0.115625 0.945312 0.117188 0.94375 0.11875 0.94375 0.121875 0.940625 0.121875 0.939062 0.123438 0.9375 0.123438 0.935938 0.125 0.934375 0.125 0.920313 0.123438 0.91875 0.123438 0.917188 0.120312 0.914062 0.120312 0.9125 0.117188 0.909375 0.117188 0.903125 0.71553
0 0 0.440625 0 0.489062 0.009375 0.489062 0.009375 0.484375 0.015625 0.478125 0.0203125 0.478125 0.0203125 0.45625 0.015625 0.45625 0.0140625 0.454688 0.0140625 0.451562 0.0125 0.45 0.0125 0.440625 0.715036
0 0.335938 0.509375 0.335938 0.517187 0.332812 0.520312 0.328125 0.520312 0.328125 0.546875 0.334375 0.546875 0.335938 0.548437 0.339063 0.548437 0.340625 0.55 0.34375 0.55 0.346875 0.553125 0.346875 0.557813 0.360938 0.557813 0.360938 0.551562 0.365625 0.546875 0.370313 0.546875 0.370313 0.53125 0.365625 0.53125 0.364062 0.529688 0.364062 0.528125 0.3625 0.526563 0.3625 0.525 0.360938 0.523438 0.360938 0.521875 0.357812 0.51875 0.357812 0.517187 0.35625 0.515625 0.35625 0.509375 0.713615
0 0.696875 0.653125 0.696875 0.660937 0.692187 0.665625 0.692187 0.667188 0.689062 0.670313 0.684375 0.670313 0.684375 0.701563 0.70625 0.701563 0.70625 0.695312 0.709375 0.692187 0.710938 0.692187 0.710938 0.690625 0.7125 0.689062 0.7125 0.685938 0.714063 0.684375 0.714063 0.653125 0.713366
0 0.0484375 0.446875 0.0484375 0.453125 0.046875 0.454688 0.040625 0.454688 0.040625 0.479688 0.0453125 0.479688 0.05 0.484375 0.05 0.485938 0.0515625 0.4875 0.0515625 0.489062 0.053125 0.490625 0.053125 0.495313 0.059375 0.495313 0.059375 0.490625 0.0625 0.4875 0.0640625 0.4875 0.0703125 0.48125 0.071875 0.48125 0.075 0.478125 0.075 0.476562 0.0765625 0.475 0.0828125 0.475 0.0828125 0.45625 0.078125 0.45625 0.075 0.453125 0.075 0.446875 0.71283
0 0.465625 0.971875 0.465625 0.998438 0.501562 0.998438 0.501562 0.971875 0.712276
0 0.465625 0.496875 0.465625 0.532812 0.4875 0.532812 0.4875 0.526563 0.490625 0.523438 0.495313 0.523438 0.495313 0.509375 0.490625 0.509375 0.489062 0.507812 0.489062 0.50625 0.485938 0.503125 0.485938 0.496875 0.71059
0 0.428125 0.709375 0.428125 0.714063 0.426562 0.715625 0.421875 0.715625 0.421875 0.751562 0.446875 0.751562 0.446875 0.746875 0.453125 0.740625 0.457812 0.740625 0.457812 0.715625 0.453125 0.715625 0.451562 0.714063 0.451562 0.709375 0.709808
0 0.884375 0.540625 0.884375 0.578125 0.889063 0.578125 0.892187 0.58125 0.89375 0.58125 0.896875 0.584375 0.896875 0.589063 0.909375 0.589063 0.909375 0.582812 0.9125 0.579687 0.9125 0.565625 0.914062 0.564062 0.914062 0.5625 0.915625 0.560938 0.920313 0.560938 0.920313 0.546875 0.915625 0.546875 0.914062 0.545313 0.914062 0.540625 0.702608
0 0.465625 0.821875 0.465625 0.85 0.470313 0.85 0.471875 0.851562 0.473437 0.851562 0.475 0.853125 0.475 0.857813 0.496875 0.857813 0.496875 0.851562 0.5 0.848437 0.5 0.846875 0.501562 0.845312 0.501562 0.842188 0.503125 0.840625 0.507812 0.840625 0.503125 0.840625 0.501562 0.839063 0.501562 0.8375 0.5 0.835938 0.5 0.832812 0.496875 0.829687 0.496875 0.828125 0.495313 0.826563 0.495313 0.821875 0.699228
0 0.790625 0.965625 0.790625 0.970312 0.789062 0.971875 0.784375 0.971875 0.784375 0.998438 0.81875 0.998438 0.81875 0.996875 0.823438 0.992188 0.823438 0.989062 0.825 0.9875 0.825 0.985937 0.826563 0.984375 0.826563 0.982813 0.825 0.98125 0.825 0.976562 0.823438 0.975 0.823438 0.973437 0.821875 0.971875 0.821875 0.965625 0.692892
0 0.0203125 0.171875 0.0203125 0.176563 0.01875 0.178125 0.01875 0.179688 0.0140625 0.184375 0.009375 0.184375 0.009375 0.2125 0.015625 0.2125 0.025 0.221875 0.025 0.226562 0.0375 0.226562 0.0375 0.220313 0.0453125 0.2125 0.0453125 0.210938 0.046875 0.209375 0.0484375 0.209375 0.0484375 0.207813 0.053125 0.203125 0.0578125 0.203125 0.0578125 0.201562 0.053125 0.201562 0.05 0.198437 0.05 0.196875 0.0484375 0.195312 0.0484375 0.19375 0.046875 0.192188 0.046875 0.190625 0.0453125 0.189063 0.0453125 0.185937 0.04375 0.184375 0.04375 0.182812 0.0421875 0.18125 0.0421875 0.179688 0.040625 0.178125 0.040625 0.171875 0.691988
0 0.978125 0.596875 0.978125 0.629687 0.984375 0.629687 0.985937 0.63125 0.992188 0.63125 0.99375 0.629687 0.998438 0.629687 0.998438 0.596875 0.690761
0 0.821875 0.540625 0.821875 0.582812 0.826563 0.582812 0.834375 0.590625 0.834375 0.595312 0.85 0.595312 0.85 0.589063 0.851562 0.5875 0.853125 0.5875 0.85625 0.584375 0.857813 0.584375 0.860937 0.58125 0.860937 0.579687 0.8625 0.578125 0.8625 0.56875 0.864062 0.567187 0.864062 0.565625 0.8625 0.564062 0.8625 0.557813 0.860937 0.55625 0.860937 0.554688 0.851562 0.545313 0.851562 0.540625 0.690228
0 0 0.709375 0 0.751562 0.0046875 0.751562 0.0046875 0.746875 0.00625 0.745313 0.0078125 0.745313 0.021875 0.73125 0.0265625 0.73125 0.0265625 0.715625 0.021875 0.715625 0.0203125 0.714063 0.0203125 0.709375 0.689134
0 0.771875 0.653125 0.771875 0.657812 0.770312 0.659375 0.765625 0.659375 0.765625 0.69375 0.770312 0.69375 0.778125 0.701563 0.782812 0.701563 0.792188 0.692187 0.792188 0.690625 0.79375 0.689062 0.79375 0.685938 0.795313 0.684375 0.795313 0.68125 0.79375 0.679688 0.79375 0.667188 0.792188 0.665625 0.792188 0.653125 0.688928
0 0.421875 0.665625 0.421875 0.707812 0.4375 0.707812 0.4375 0.701563 0.442187 0.696875 0.442187 0.695312 0.44375 0.69375 0.44375 0.689062 0.445312 0.6875 0.445312 0.685938 0.446875 0.684375 0.451562 0.684375 0.451562 0.665625 0.687664
0 0.135937 0.759375 0.135937 0.765625 0.132812 0.76875 0.128125 0.76875 0.128125 0.798437 0.134375 0.798437 0.135937 0.8 0.1375 0.8 0.140625 0.803125 0.140625 0.807813 0.146875 0.807813 0.146875 0.803125 0.15 0.8 0.153125 0.8 0.160938 0.792188 0.160938 0.790625 0.1625 0.789062 0.1625 0.770312 0.160938 0.76875 0.160938 0.765625 0.159375 0.764063 0.159375 0.759375 0.683235
0 0.7125 0.703125 0.7125 0.709375 0.709375 0.7125 0.703125 0.7125 0.703125 0.745313 0.725 0.745313 0.725 0.740625 0.73125 0.734375 0.73125 0.73125 0.732813 0.729688 0.732813 0.723437 0.73125 0.721875 0.73125 0.709375 0.729688 0.707812 0.729688 0.703125 0.682487
0 0.065625 0.084375 0.065625 0.110937 0.0703125 0.110937 0.071875 0.1125 0.075 0.1125 0.0765625 0.114063 0.078125 0.114063 0.0796875 0.1125 0.0828125 0.1125 0.0859375 0.109375 0.0859375 0.107813 0.0875 0.10625 0.0875 0.104687 0.090625 0.101562 0.0953125 0.101562 0.0953125 0.0953125 0.090625 0.0953125 0.0890625 0.09375 0.0890625 0.0921875 0.0875 0.090625 0.0875 0.084375 0.677428
0 0.767187 0.703125 0.767187 0.707812 0.764063 0.710938 0.759375 0.710938 0.759375 0.75 0.764063 0.75 0.767187 0.753125 0.76875 0.753125 0.770312 0.754687 0.773438 0.754687 0.775 0.75625 0.778125 0.75625 0.779688 0.754687 0.782812 0.754687 0.7875 0.75 0.7875 0.748438 0.790625 0.745313 0.795313 0.745313 0.795313 0.721875 0.790625 0.721875 0.789062 0.720312 0.789062 0.71875 0.7875 0.717188 0.7875 0.714063 0.785937 0.7125 0.785937 0.710938 0.784375 0.709375 0.784375 0.703125 0.675779
0 0.053125 0.903125 0.053125 0.94375 0.059375 0.94375 0.0625 0.946875 0.0640625 0.946875 0.065625 0.948438 0.0671875 0.948438 0.06875 0.95 0.071875 0.95 0.0734375 0.951563 0.078125 0.951563 0.0796875 0.95 0.084375 0.95 0.0859375 0.948438 0.0890625 0.948438 0.0921875 0.945312 0.0921875 0.94375 0.09375 0.942187 0.09375 0.939062 0.0921875 0.9375 0.0921875 0.935938 0.090625 0.934375 0.090625 0.932813 0.0890625 0.93125 0.0890625 0.923437 0.090625 0.921875 0.090625 0.910937 0.0890625 0.909375 0.0890625 0.903125 0.674896
0 0.840625 0.965625 0.840625 0.995313 0.845312 0.995313 0.846875 0.996875 0.846875 0.998438 0.85625 0.998438 0.85625 0.996875 0.857813 0.995313 0.859375 0.995313 0.865625 0.989062 0.870313 0.989062 0.870313 0.978125 0.865625 0.978125 0.8625 0.975 0.8625 0.973437 0.859375 0.970312 0.859375 0.965625 0.672771
0 0.015625 0.903125 0.015625 0.932813 0.021875 0.932813 0.0234375 0.934375 0.0234375 0.939062 0.028125 0.939062 0.028125 0.932813 0.0296875 0.93125 0.03125 0.93125 0.034375 0.928125 0.0390625 0.928125 0.0390625 0.917188 0.034375 0.917188 0.0328125 0.915625 0.0328125 0.914062 0.03125 0.9125 0.03125 0.909375 0.0296875 0.907812 0.0296875 0.903125 0.668467
0 0.485938 0.584375 0.485938 0.592188 0.484375 0.59375 0.484375 0.595312 0.482812 0.596875 0.478125 0.596875 0.478125 0.64375 0.482812 0.64375 0.484375 0.645312 0.484375 0.648438 0.482812 0.65 0.478125 0.65 0.478125 0.660937 0.484375 0.660937 0.485938 0.6625 0.485938 0.664062 0.4875 0.665625 0.4875 0.670313 0.498437 0.670313 0.498437 0.664062 0.5 0.6625 0.504687 0.6625 0.50625 0.660937 0.509375 0.660937 0.517187 0.653125 0.51875 0.653125 0.520312 0.651563 0.528125 0.651563 0.529688 0.65 0.53125 0.65 0.532812 0.648438 0.539062 0.648438 0.539062 0.595312 0.532812 0.595312 0.53125 0.59375 0.529688 0.59375 0.528125 0.592188 0.523438 0.592188 0.521875 0.59375 0.514063 0.59375 0.5125 0.592188 0.509375 0.592188 0.507812 0.590625 0.507812 0.584375 0.664021
0 0.815625 0.690625 0.815625 0.74375 0.821875 0.74375 0.825 0.746875 0.825 0.751562 0.83125 0.751562 0.83125 0.746875 0.832812 0.745313 0.834375 0.745313 0.835938 0.74375 0.839063 0.74375 0.840625 0.742188 0.842188 0.742188 0.85 0.734375 0.85 0.732813 0.853125 0.729688 0.857813 0.729688 0.857813 0.698438 0.853125 0.698438 0.851562 0.696875 0.851562 0.690625 0.663476
0 0.182812 0.703125 0.182812 0.709375 0.18125 0.710938 0.18125 0.7125 0.179688 0.714063 0.179688 0.715625 0.178125 0.717188 0.171875 0.717188 0.171875 0.757812 0.179688 0.757812 0.179688 0.753125 0.18125 0.751562 0.192188 0.751562 0.19375 0.753125 0.19375 0.757812 0.196875 0.757812 0.196875 0.753125 0.198437 0.751562 0.201562 0.751562 0.203125 0.75 0.20625 0.75 0.207813 0.748438 0.209375 0.748438 0.210938 0.746875 0.2125 0.746875 0.215625 0.74375 0.215625 0.742188 0.217187 0.740625 0.217187 0.734375 0.21875 0.732813 0.21875 0.721875 0.217187 0.720312 0.217187 0.717188 0.215625 0.715625 0.215625 0.714063 0.210938 0.709375 0.210938 0.703125 0.662104
0 0.803125 0.646875 0.803125 0.689062 0.807813 0.689062 0.809375 0.690625 0.809375 0.695312 0.832812 0.695312 0.832812 0.690625 0.834375 0.689062 0.834375 0.6875 0.835938 0.685938 0.835938 0.68125 0.8375 0.679688 0.8375 0.673437 0.839063 0.671875 0.839063 0.670313 0.8375 0.66875 0.8375 0.6625 0.835938 0.660937 0.835938 0.659375 0.834375 0.657812 0.834375 0.65625 0.83125 0.653125 0.83125 0.646875 0.661102
0 0 0.215625 0 0.267188 0.0078125 0.267188 0.009375 0.26875 0.0140625 0.26875 0.015625 0.267188 0.0171875 0.267188 0.01875 0.265625 0.0203125 0.265625 0.0203125 0.264062 0.021875 0.2625 0.021875 0.257812 0.0234375 0.25625 0.0234375 0.251563 0.025 0.25 0.025 0.246875 0.0265625 0.245312 0.0265625 0.2375 0.025 0.235938 0.025 0.232812 0.0234375 0.23125 0.0234375 0.229687 0.021875 0.228125 0.021875 0.226562 0.01875 0.223438 0.01875 0.221875 0.0171875 0.220313 0.0171875 0.215625 0.6571
0 0.734375 0.853125 0.734375 0.903125 0.740625 0.903125 0.746875 0.909375 0.746875 0.914062 0.759375 0.914062 0.759375 0.90625 0.760938 0.904688 0.760938 0.903125 0.767187 0.896875 0.767187 0.895312 0.76875 0.89375 0.76875 0.892187 0.771875 0.889063 0.776563 0.889063 0.776563 0.860937 0.770312 0.860937 0.767187 0.857813 0.767187 0.853125 0.650261
0 0.934375 0.478125 0.934375 0.507812 0.951563 0.507812 0.951563 0.503125 0.95625 0.498437 0.95625 0.496875 0.957812 0.495313 0.957812 0.4875 0.95625 0.485938 0.95625 0.478125 0.646165
0 0.109375 0.553125 0.109375 0.557813 0.107813 0.559375 0.103125 0.559375 0.103125 0.592188 0.109375 0.592188 0.110937 0.59375 0.114063 0.59375 0.115625 0.595312 0.117188 0.59375 0.123438 0.59375 0.125 0.592188 0.128125 0.592188 0.13125 0.589063 0.132812 0.589063 0.135937 0.585938 0.135937 0.584375 0.1375 0.582812 0.1375 0.576563 0.139062 0.575 0.139062 0.56875 0.1375 0.567187 0.1375 0.560938 0.135937 0.559375 0.135937 0.553125 0.645577
0 0.865625 0.859375 0.865625 0.901563 0.871875 0.901563 0.873438 0.903125 0.873438 0.907812 0.88125 0.907812 0.88125 0.903125 0.884375 0.9 0.885938 0.9 0.890625 0.895312 0.890625 0.89375 0.89375 0.890625 0.89375 0.8875 0.895312 0.885938 0.895312 0.879687 0.89375 0.878125 0.89375 0.873438 0.892187 0.871875 0.892187 0.870313 0.890625 0.86875 0.890625 0.867188 0.8875 0.864062 0.8875 0.859375 0.643404
0 0.478125 0.715625 0.478125 0.746875 0.482812 0.746875 0.485938 0.75 0.4875 0.75 0.489062 0.751562 0.495313 0.751562 0.496875 0.75 0.498437 0.75 0.498437 0.748438 0.503125 0.74375 0.507812 0.74375 0.507812 0.728125 0.503125 0.728125 0.5 0.725 0.5 0.721875 0.498437 0.720312 0.498437 0.715625 0.630421
0 0.328125 0.059375 0.328125 0.078125 0.332812 0.078125 0.334375 0.0796875 0.3375 0.0796875 0.339063 0.08125 0.345313 0.08125 0.346875 0.0796875 0.348437 0.0796875 0.351562 0.0765625 0.357812 0.0765625 0.357812 0.059375 0.628472
0 0.415625 0.603125 0.415625 0.632812 0.420312 0.632812 0.425 0.6375 0.429688 0.6375 0.43125 0.635938 0.432813 0.635938 0.4375 0.63125 0.4375 0.629687 0.440625 0.626562 0.445312 0.626562 0.445312 0.6125 0.440625 0.6125 0.4375 0.609375 0.4375 0.603125 0.622004
0 0.567187 0.796875 0.567187 0.804688 0.564062 0.807813 0.559375 0.807813 0.559375 0.860937 0.56875 0.860937 0.570312 0.8625 0.571875 0.8625 0.573438 0.860937 0.578125 0.860937 0.58125 0.857813 0.582812 0.857813 0.584375 0.85625 0.585938 0.85625 0.589063 0.853125 0.590625 0.853125 0.595312 0.848437 0.595312 0.845312 0.596875 0.84375 0.596875 0.8375 0.598437 0.835938 0.598437 0.821875 0.596875 0.820312 0.596875 0.817187 0.595312 0.815625 0.595312 0.814062 0.590625 0.809375 0.590625 0.807813 0.589063 0.80625 0.589063 0.796875 0.618517
0 0.690625 0.321875 0.690625 0.357812 0.707812 0.357812 0.707812 0.353125 0.709375 0.351562 0.709375 0.35 0.717188 0.342187 0.717188 0.340625 0.71875 0.339063 0.71875 0.335938 0.720312 0.334375 0.71875 0.332812 0.71875 0.33125 0.717188 0.329688 0.717188 0.328125 0.715625 0.326562 0.715625 0.321875 0.618288
0 0.884375 0.178125 0.884375 0.19375 0.9 0.19375 0.901563 0.192188 0.903125 0.192188 0.90625 0.189063 0.90625 0.1875 0.909375 0.184375 0.914062 0.184375 0.914062 0.178125 0.610949
0 0.809375 0.509375 0.809375 0.539062 0.823438 0.539062 0.825 0.5375 0.832812 0.5375 0.834375 0.535937 0.840625 0.535937 0.85 0.526563 0.85 0.521875 0.848437 0.520312 0.848437 0.51875 0.845312 0.515625 0.845312 0.509375 0.596993
0 0.660937 0.803125 0.660937 0.807813 0.657812 0.810938 0.653125 0.810938 0.653125 0.854688 0.664062 0.854688 0.665625 0.85625 0.66875 0.85625 0.670313 0.857813 0.675 0.857813 0.676562 0.85625 0.679688 0.85625 0.68125 0.857813 0.684375 0.857813 0.685938 0.859375 0.685938 0.864062 0.695312 0.864062 0.695312 0.85625 0.690625 0.85625 0.6875 0.853125 0.6875 0.848437 0.689062 0.846875 0.689062 0.840625 0.690625 0.839063 0.695312 0.839063 0.695312 0.820312 0.690625 0.820312 0.6875 0.817187 0.6875 0.814062 0.685938 0.8125 0.685938 0.810938 0.684375 0.809375 0.684375 0.803125 0.588797
0 0.978125 0.709375 0.978125 0.739062 0.992188 0.739062 0.992188 0.734375 0.996875 0.729688 0.998438 0.729688 0.998438 0.709375 0.588054
0 0.246875 0.909375 0.246875 0.953125 0.253125 0.953125 0.254687 0.954687 0.257812 0.954687 0.259375 0.95625 0.264062 0.95625 0.265625 0.957812 0.270312 0.957812 0.271875 0.95625 0.273438 0.95625 0.275 0.954687 0.278125 0.954687 0.279687 0.953125 0.282813 0.953125 0.284375 0.951563 0.289062 0.951563 0.289062 0.93125 0.284375 0.93125 0.282813 0.929688 0.282813 0.926562 0.28125 0.925 0.28125 0.921875 0.279687 0.920313 0.279687 0.91875 0.276563 0.915625 0.276563 0.909375 0.586083
0 0.0234375 0.271875 0.0234375 0.278125 0.021875 0.279687 0.021875 0.28125 0.0203125 0.282813 0.015625 0.282813 0.015625 0.329688 0.0203125 0.329688 0.021875 0.33125 0.0234375 0.33125 0.025 0.332812 0.0265625 0.332812 0.028125 0.334375 0.0296875 0.334375 0.03125 0.332812 0.0359375 0.332812 0.0375 0.33125 0.040625 0.33125 0.0421875 0.329688 0.04375 0.329688 0.053125 0.320312 0.053125 0.31875 0.0546875 0.317187 0.0546875 0.315625 0.05625 0.314063 0.05625 0.290625 0.0546875 0.289062 0.0546875 0.2875 0.053125 0.285937 0.053125 0.284375 0.046875 0.278125 0.046875 0.271875 0.582849
0 0.515625 0.809375 0.515625 0.85 0.523438 0.85 0.525 0.848437 0.528125 0.848437 0.529688 0.85 0.53125 0.85 0.532812 0.851562 0.534375 0.851562 0.542188 0.84375 0.54375 0.84375 0.546875 0.840625 0.546875 0.8375 0.548437 0.835938 0.548437 0.821875 0.546875 0.820312 0.546875 0.809375 0.576423
0 0.353125 0.209375 0.353125 0.23125 0.3625 0.23125 0.364062 0.232812 0.365625 0.232812 0.367188 0.23125 0.36875 0.23125 0.373437 0.226562 0.373437 0.221875 0.375 0.220313 0.373437 0.21875 0.373437 0.209375 0.573799
0 0.021875 0.334375 0.021875 0.339063 0.0203125 0.340625 0.015625 0.340625 0.015625 0.371875 0.021875 0.371875 0.025 0.375 0.0265625 0.375 0.028125 0.376563 0.0296875 0.376563 0.03125 0.378125 0.0328125 0.378125 0.034375 0.379687 0.0421875 0.379687 0.04375 0.378125 0.0453125 0.378125 0.0484375 0.375 0.0484375 0.373437 0.0515625 0.370313 0.0515625 0.36875 0.053125 0.367188 0.053125 0.364062 0.0546875 0.3625 0.0546875 0.353125 0.053125 0.351562 0.053125 0.35 0.05 0.346875 0.05 0.345313 0.046875 0.342187 0.046875 0.334375 0.566191
0 0.603125 0.796875 0.603125 0.809375 0.607813 0.809375 0.609375 0.810938 0.609375 0.8125 0.610937 0.814062 0.610937 0.826563 0.607813 0.829687 0.603125 0.829687 0.603125 0.864062 0.635938 0.864062 0.635938 0.859375 0.640625 0.854688 0.642187 0.854688 0.648438 0.848437 0.648438 0.846875 0.65 0.845312 0.65 0.829687 0.648438 0.828125 0.648438 0.817187 0.65 0.815625 0.65 0.8125 0.648438 0.810938 0.648438 0.807813 0.646875 0.80625 0.646875 0.804688 0.645312 0.803125 0.645312 0.796875 0.553125
0 0.471875 0.665625 0.471875 0.69375 0.479688 0.69375 0.48125 0.695312 0.484375 0.695312 0.485938 0.69375 0.4875 0.69375 0.492188 0.689062 0.492188 0.6875 0.49375 0.685938 0.49375 0.665625 0.541457
0 0.590625 0.865625 0.590625 0.895312 0.595312 0.895312 0.6 0.9 0.601562 0.9 0.603125 0.901563 0.604688 0.901563 0.60625 0.903125 0.60625 0.907812 0.607813 0.907812 0.607813 0.903125 0.6125 0.898438 0.6125 0.896875 0.614062 0.895312 0.614062 0.89375 0.615625 0.892187 0.620313 0.892187 0.620313 0.882812 0.615625 0.882812 0.614062 0.88125 0.614062 0.879687 0.6125 0.878125 0.6125 0.873438 0.610937 0.871875 0.610937 0.865625 0.536213
0 0.003125 0.753125 0.003125 0.7875 0.009375 0.7875 0.0109375 0.785937 0.0109375 0.784375 0.0125 0.782812 0.0125 0.78125 0.015625 0.778125 0.0203125 0.778125 0.0203125 0.770312 0.015625 0.770312 0.0125 0.767187 0.0125 0.764063 0.0109375 0.7625 0.0109375 0.760938 0.009375 0.759375 0.009375 0.753125 0.51109
0 0.5375 0.746875 0.5375 0.753125 0.534375 0.75625 0.528125 0.75625 0.528125 0.790625 0.534375 0.790625 0.535937 0.792188 0.535937 0.79375 0.5375 0.795313 0.5375 0.796875 0.539062 0.798437 0.539062 0.8 0.542188 0.803125 0.542188 0.804688 0.546875 0.809375 0.546875 0.814062 0.560938 0.814062 0.560938 0.809375 0.570312 0.8 0.571875 0.8 0.573438 0.798437 0.575 0.798437 0.576563 0.796875 0.578125 0.796875 0.58125 0.8 0.58125 0.803125 0.582812 0.804688 0.582812 0.807813 0.584375 0.809375 0.584375 0.814062 0.589063 0.814062 0.589063 0.776563 0.584375 0.776563 0.582812 0.775 0.582812 0.773438 0.58125 0.771875 0.58125 0.760938 0.579687 0.759375 0.579687 0.754687 0.576563 0.751562 0.576563 0.746875 0.510548
0 0.815625 0.321875 0.815625 0.34375 0.821875 0.34375 0.823438 0.345313 0.825 0.345313 0.826563 0.346875 0.826563 0.351562 0.834375 0.351562 0.834375 0.346875 0.839063 0.342187 0.840625 0.342187 0.84375 0.339063 0.84375 0.3375 0.845312 0.335938 0.845312 0.332812 0.84375 0.33125 0.84375 0.329688 0.842188 0.328125 0.842188 0.321875 0.510302
0 0.109375 0.171875 0.109375 0.195312 0.11875 0.195312 0.11875 0.190625 0.125 0.184375 0.125 0.171875 0.50089
