0 0.807813 0.084375 0.804688 0.0875 0.803125 0.0875 0.803125 0.0890625 0.798437 0.09375 0.798437 0.0953125 0.796875 0.096875 0.79375 0.096875 0.792188 0.0984375 0.7875 0.0984375 0.785937 0.096875 0.784375 0.096875 0.782812 0.0953125 0.776563 0.0953125 0.775 0.096875 0.773438 0.096875 0.76875 0.101562 0.76875 0.104687 0.767187 0.10625 0.767187 0.109375 0.765625 0.110937 0.765625 0.1125 0.764063 0.114063 0.760938 0.114063 0.759375 0.115625 0.757812 0.115625 0.75625 0.117188 0.754687 0.117188 0.753125 0.11875 0.746875 0.11875 0.746875 0.15 0.751562 0.15 0.754687 0.153125 0.754687 0.154687 0.75625 0.15625 0.75625 0.157813 0.759375 0.160938 0.759375 0.1625 0.760938 0.164062 0.760938 0.165625 0.76875 0.173438 0.76875 0.182812 0.770312 0.184375 0.770312 0.185937 0.771875 0.1875 0.778125 0.1875 0.78125 0.184375 0.782812 0.184375 0.785937 0.18125 0.7875 0.18125 0.789062 0.179688 0.790625 0.179688 0.792188 0.178125 0.798437 0.178125 0.8 0.179688 0.801562 0.179688 0.803125 0.18125 0.804688 0.18125 0.80625 0.182812 0.814062 0.182812 0.814062 0.18125 0.815625 0.179688 0.815625 0.178125 0.81875 0.175 0.820312 0.175 0.821875 0.173438 0.828125 0.173438 0.829687 0.171875 0.83125 0.171875 0.832812 0.170312 0.834375 0.170312 0.8375 0.167187 0.839063 0.167187 0.840625 0.165625 0.845312 0.165625 0.846875 0.164062 0.846875 0.1625 0.848437 0.160938 0.848437 0.157813 0.85 0.15625 0.85 0.153125 0.851562 0.151562 0.851562 0.15 0.853125 0.148438 0.853125 0.146875 0.854688 0.145313 0.854688 0.14375 0.857813 0.140625 0.857813 0.132812 0.854688 0.129688 0.854688 0.128125 0.853125 0.126563 0.853125 0.125 0.851562 0.123438 0.851562 0.1 0.85 0.0984375 0.85 0.096875 0.846875 0.09375 0.84375 0.09375 0.842188 0.0921875 0.8375 0.0921875 0.835938 0.090625 0.825 0.090625 0.823438 0.0890625 0.820312 0.0890625 0.81875 0.0875 0.8125 0.0875 0.810938 0.0859375 0.809375 0.0859375 0.896272
0 0.357812 0.071875 0.357812 0.084375 0.35625 0.0859375 0.35625 0.0875 0.35 0.09375 0.35 0.0953125 0.346875 0.0984375 0.345313 0.0984375 0.34375 0.1 0.342187 0.1 0.340625 0.101562 0.332812 0.101562 0.33125 0.103125 0.328125 0.103125 0.325 0.10625 0.325 0.107813 0.323438 0.109375 0.323438 0.11875 0.321875 0.120312 0.321875 0.128125 0.323438 0.129688 0.323438 0.13125 0.325 0.132812 0.325 0.140625 0.323438 0.142188 0.323438 0.145313 0.321875 0.146875 0.321875 0.15 0.320312 0.151562 0.315625 0.151562 0.320312 0.151562 0.321875 0.153125 0.323438 0.153125 0.325 0.154687 0.326562 0.154687 0.329688 0.157813 0.334375 0.157813 0.335938 0.159375 0.339063 0.159375 0.340625 0.160938 0.348437 0.160938 0.353125 0.165625 0.351562 0.167187 0.351562 0.170312 0.35 0.171875 0.35 0.175 0.348437 0.176563 0.348437 0.178125 0.346875 0.179688 0.346875 0.1875 0.35 0.190625 0.35 0.195312 0.351562 0.195312 0.351562 0.190625 0.354688 0.1875 0.35625 0.1875 0.357812 0.185937 0.359375 0.185937 0.3625 0.182812 0.364062 0.182812 0.370313 0.176563 0.371875 0.176563 0.378125 0.170312 0.38125 0.170312 0.382812 0.16875 0.392188 0.16875 0.39375 0.167187 0.396875 0.167187 0.398438 0.165625 0.404687 0.165625 0.40625 0.164062 0.410937 0.164062 0.4125 0.165625 0.415625 0.165625 0.417188 0.167187 0.423438 0.167187 0.425 0.16875 0.428125 0.16875 0.429688 0.167187 0.432813 0.167187 0.434375 0.165625 0.434375 0.164062 0.435937 0.1625 0.435937 0.15 0.434375 0.148438 0.434375 0.125 0.435937 0.123438 0.435937 0.120312 0.434375 0.11875 0.434375 0.114063 0.43125 0.110937 0.43125 0.109375 0.429688 0.107813 0.429688 0.10625 0.428125 0.104687 0.428125 0.1 0.426562 0.0984375 0.426562 0.0890625 0.425 0.0875 0.425 0.084375 0.421875 0.08125 0.421875 0.0796875 0.41875 0.0765625 0.41875 0.071875 0.392188 0.071875 0.392188 0.078125 0.390625 0.0796875 0.390625 0.0828125 0.389062 0.084375 0.3875 0.084375 0.385938 0.0859375 0.384375 0.0859375 0.382812 0.0875 0.38125 0.0875 0.379687 0.0859375 0.376563 0.0859375 0.375 0.0875 0.371875 0.0875 0.370313 0.0859375 0.36875 0.0859375 0.367188 0.084375 0.367188 0.0828125 0.36875 0.08125 0.370313 0.08125 0.373437 0.078125 0.373437 0.071875 0.894298
0 0.289062 0.271875 0.289062 0.282813 0.2875 0.284375 0.2875 0.289062 0.282813 0.29375 0.276563 0.29375 0.275 0.295312 0.273438 0.295312 0.271875 0.296875 0.270312 0.296875 0.267188 0.3 0.265625 0.3 0.264062 0.301562 0.259375 0.301562 0.259375 0.309375 0.264062 0.309375 0.26875 0.314063 0.26875 0.315625 0.264062 0.320312 0.259375 0.320312 0.259375 0.332812 0.264062 0.332812 0.265625 0.334375 0.265625 0.335938 0.267188 0.3375 0.267188 0.340625 0.264062 0.34375 0.259375 0.34375 0.259375 0.35625 0.264062 0.35625 0.267188 0.359375 0.26875 0.359375 0.270312 0.360938 0.28125 0.360938 0.282813 0.3625 0.284375 0.3625 0.285937 0.364062 0.285937 0.36875 0.284375 0.370313 0.285937 0.370313 0.2875 0.371875 0.296875 0.371875 0.298438 0.373437 0.3 0.373437 0.301562 0.375 0.303125 0.375 0.304688 0.376563 0.30625 0.376563 0.307813 0.378125 0.315625 0.378125 0.317187 0.376563 0.329688 0.376563 0.33125 0.375 0.332812 0.375 0.334375 0.376563 0.335938 0.376563 0.339063 0.379687 0.342187 0.379687 0.34375 0.38125 0.346875 0.38125 0.346875 0.379687 0.348437 0.378125 0.348437 0.365625 0.35 0.364062 0.351562 0.364062 0.353125 0.3625 0.360938 0.3625 0.3625 0.360938 0.364062 0.360938 0.365625 0.359375 0.365625 0.357812 0.367188 0.35625 0.367188 0.354688 0.36875 0.353125 0.36875 0.345313 0.3625 0.339063 0.360938 0.339063 0.357812 0.335938 0.35625 0.335938 0.354688 0.334375 0.354688 0.33125 0.35625 0.329688 0.35625 0.328125 0.3625 0.321875 0.3625 0.317187 0.360938 0.315625 0.360938 0.3125 0.359375 0.310937 0.359375 0.309375 0.357812 0.307813 0.357812 0.30625 0.354688 0.303125 0.353125 0.303125 0.35 0.3 0.348437 0.3 0.34375 0.295312 0.34375 0.292188 0.342187 0.290625 0.342187 0.289062 0.34375 0.2875 0.34375 0.271875 0.332812 0.271875 0.332812 0.276563 0.329688 0.279687 0.328125 0.279687 0.326562 0.28125 0.325 0.28125 0.320312 0.285937 0.31875 0.285937 0.317187 0.2875 0.314063 0.2875 0.3125 0.285937 0.310937 0.285937 0.307813 0.282813 0.307813 0.28125 0.30625 0.279687 0.30625 0.278125 0.304688 0.276563 0.304688 0.271875 0.889623
0 0.870313 0.003125 0.870313 0.0078125 0.86875 0.009375 0.86875 0.0109375 0.867188 0.0125 0.867188 0.0140625 0.865625 0.015625 0.8625 0.015625 0.860937 0.0171875 0.854688 0.0171875 0.853125 0.01875 0.85 0.01875 0.846875 0.021875 0.846875 0.0234375 0.845312 0.025 0.845312 0.0296875 0.846875 0.03125 0.846875 0.0375 0.845312 0.0390625 0.846875 0.040625 0.846875 0.0421875 0.85 0.0453125 0.85 0.046875 0.848437 0.0484375 0.848437 0.0578125 0.845312 0.0609375 0.84375 0.0609375 0.842188 0.0625 0.840625 0.0625 0.8375 0.065625 0.8375 0.0796875 0.840625 0.0828125 0.842188 0.0828125 0.84375 0.084375 0.846875 0.084375 0.848437 0.0859375 0.85 0.0859375 0.851562 0.0875 0.853125 0.0875 0.85625 0.090625 0.857813 0.090625 0.8625 0.0953125 0.8625 0.096875 0.865625 0.1 0.865625 0.101562 0.867188 0.101562 0.870313 0.104687 0.873438 0.104687 0.875 0.103125 0.876562 0.103125 0.878125 0.101562 0.88125 0.101562 0.882812 0.1 0.892187 0.1 0.89375 0.101562 0.898438 0.101562 0.9 0.103125 0.903125 0.103125 0.904688 0.104687 0.9125 0.104687 0.914062 0.10625 0.923437 0.10625 0.926562 0.103125 0.926562 0.1 0.928125 0.0984375 0.928125 0.09375 0.926562 0.0921875 0.926562 0.090625 0.929688 0.0875 0.935938 0.0875 0.9375 0.0890625 0.942187 0.0890625 0.94375 0.090625 0.948438 0.090625 0.95 0.0890625 0.951563 0.0890625 0.953125 0.0875 0.954687 0.0875 0.960938 0.08125 0.960938 0.0796875 0.964063 0.0765625 0.964063 0.075 0.967188 0.071875 0.967188 0.0671875 0.96875 0.065625 0.964063 0.0609375 0.9625 0.0609375 0.959375 0.0578125 0.9625 0.0546875 0.9625 0.053125 0.96875 0.046875 0.96875 0.0375 0.967188 0.0359375 0.967188 0.034375 0.9625 0.0296875 0.960938 0.0296875 0.954687 0.0234375 0.953125 0.0234375 0.94375 0.0140625 0.94375 0.0125 0.939062 0.0078125 0.939062 0.003125 0.88359
0 0.41875 0.003125 0.426562 0.003125 0.426562 0 0.417188 0 0.417188 0.0015625 0.41875 0.003125 0.403125 0.01875 0.401563 0.01875 0.392188 0.009375 0.390625 0.009375 0.382812 0.0015625 0.382812 0 0.317187 0 0.317187 0.0015625 0.315625 0.003125 0.315625 0.0078125 0.30625 0.0171875 0.30625 0.01875 0.304688 0.0203125 0.304688 0.021875 0.303125 0.0234375 0.303125 0.025 0.3 0.028125 0.298438 0.028125 0.296875 0.0296875 0.290625 0.0296875 0.290625 0.05 0.295312 0.05 0.298438 0.053125 0.296875 0.0546875 0.296875 0.0578125 0.295312 0.059375 0.290625 0.059375 0.290625 0.065625 0.295312 0.065625 0.298438 0.06875 0.298438 0.0703125 0.307813 0.0796875 0.309375 0.0796875 0.310937 0.08125 0.314063 0.08125 0.315625 0.0828125 0.320312 0.0828125 0.323438 0.0859375 0.323438 0.0875 0.325 0.0890625 0.325 0.090625 0.329688 0.0953125 0.33125 0.0953125 0.332812 0.096875 0.3375 0.096875 0.339063 0.0984375 0.340625 0.0984375 0.342187 0.096875 0.345313 0.096875 0.346875 0.0953125 0.348437 0.0953125 0.348437 0.09375 0.353125 0.0890625 0.378125 0.0890625 0.379687 0.0875 0.38125 0.0875 0.384375 0.084375 0.385938 0.084375 0.3875 0.0828125 0.389062 0.0828125 0.390625 0.08125 0.390625 0.0796875 0.395312 0.075 0.396875 0.075 0.398438 0.0765625 0.404687 0.0765625 0.40625 0.078125 0.409375 0.078125 0.410937 0.0765625 0.410937 0.071875 0.4125 0.0703125 0.4125 0.0671875 0.414062 0.065625 0.414062 0.0625 0.415625 0.0609375 0.415625 0.05625 0.417188 0.0546875 0.417188 0.0515625 0.421875 0.046875 0.426562 0.046875 0.426562 0.0390625 0.421875 0.0390625 0.41875 0.0359375 0.417188 0.0359375 0.415625 0.034375 0.414062 0.034375 0.4125 0.0328125 0.4125 0.03125 0.409375 0.028125 0.409375 0.0265625 0.40625 0.0234375 0.40625 0.021875 0.403125 0.01875 0.883085
0 0.804688 0.301562 0.804688 0.295312 0.803125 0.29375 0.803125 0.289062 0.796875 0.289062 0.796875 0.304688 0.801562 0.304688 0.804688 0.301562 0.823438 0.301562 0.825 0.303125 0.826563 0.303125 0.829687 0.30625 0.829687 0.307813 0.83125 0.309375 0.83125 0.3125 0.832812 0.314063 0.832812 0.315625 0.83125 0.317187 0.83125 0.31875 0.828125 0.321875 0.823438 0.321875 0.821875 0.320312 0.817187 0.320312 0.815625 0.321875 0.814062 0.321875 0.8125 0.323438 0.810938 0.323438 0.807813 0.326562 0.807813 0.329688 0.80625 0.33125 0.80625 0.332812 0.803125 0.335938 0.796875 0.335938 0.796875 0.353125 0.80625 0.353125 0.807813 0.351562 0.809375 0.351562 0.810938 0.353125 0.815625 0.353125 0.817187 0.354688 0.81875 0.354688 0.821875 0.357812 0.821875 0.365625 0.820312 0.367188 0.820312 0.36875 0.81875 0.370313 0.821875 0.373437 0.826563 0.373437 0.828125 0.375 0.829687 0.373437 0.8375 0.373437 0.839063 0.375 0.840625 0.375 0.842188 0.376563 0.842188 0.378125 0.84375 0.379687 0.84375 0.38125 0.845312 0.382812 0.845312 0.384375 0.853125 0.384375 0.854688 0.385938 0.860937 0.385938 0.8625 0.384375 0.867188 0.384375 0.86875 0.382812 0.870313 0.382812 0.871875 0.38125 0.873438 0.38125 0.876562 0.378125 0.878125 0.378125 0.88125 0.375 0.882812 0.375 0.885938 0.371875 0.8875 0.371875 0.890625 0.36875 0.895312 0.36875 0.896875 0.367188 0.898438 0.367188 0.9 0.365625 0.901563 0.365625 0.903125 0.364062 0.904688 0.364062 0.9125 0.35625 0.9125 0.354688 0.921875 0.345313 0.920313 0.34375 0.920313 0.339063 0.91875 0.339063 0.915625 0.335938 0.915625 0.334375 0.909375 0.328125 0.909375 0.315625 0.910937 0.314063 0.910937 0.301562 0.909375 0.3 0.909375 0.298438 0.907812 0.298438 0.90625 0.296875 0.904688 0.296875 0.903125 0.295312 0.892187 0.295312 0.890625 0.296875 0.885938 0.296875 0.88125 0.292188 0.88125 0.290625 0.879687 0.289062 0.879687 0.2875 0.876562 0.284375 0.876562 0.278125 0.864062 0.278125 0.864062 0.284375 0.8625 0.285937 0.860937 0.285937 0.860937 0.2875 0.853125 0.295312 0.851562 0.295312 0.85 0.296875 0.839063 0.296875 0.8375 0.295312 0.835938 0.295312 0.834375 0.29375 0.832812 0.29375 0.83125 0.295312 0.826563 0.295312 0.825 0.296875 0.825 0.3 0.823438 0.301562 0.883026
0 0.864062 0.459375 0.864062 0.464063 0.860937 0.467187 0.857813 0.467187 0.85625 0.46875 0.854688 0.46875 0.85 0.473437 0.85 0.475 0.848437 0.476562 0.848437 0.478125 0.846875 0.479688 0.846875 0.48125 0.845312 0.482812 0.84375 0.482812 0.842188 0.484375 0.840625 0.484375 0.839063 0.485938 0.835938 0.485938 0.835938 0.490625 0.832812 0.49375 0.828125 0.49375 0.828125 0.509375 0.834375 0.509375 0.8375 0.5125 0.839063 0.5125 0.840625 0.514063 0.840625 0.51875 0.8375 0.521875 0.8375 0.526563 0.839063 0.528125 0.840625 0.528125 0.845312 0.532812 0.845312 0.54375 0.84375 0.545313 0.84375 0.55 0.845312 0.551562 0.845312 0.553125 0.848437 0.55625 0.85 0.55625 0.851562 0.557813 0.853125 0.557813 0.859375 0.564062 0.859375 0.565625 0.860937 0.567187 0.860937 0.56875 0.864062 0.571875 0.882812 0.571875 0.882812 0.570312 0.884375 0.56875 0.884375 0.567187 0.885938 0.565625 0.885938 0.564062 0.892187 0.557813 0.89375 0.557813 0.895312 0.55625 0.9 0.55625 0.901563 0.557813 0.910937 0.557813 0.9125 0.559375 0.914062 0.559375 0.920313 0.565625 0.923437 0.565625 0.925 0.567187 0.928125 0.567187 0.932813 0.5625 0.932813 0.553125 0.93125 0.551562 0.932813 0.55 0.932813 0.54375 0.93125 0.542188 0.93125 0.539062 0.932813 0.5375 0.942187 0.5375 0.94375 0.535937 0.946875 0.535937 0.95 0.532812 0.95 0.526563 0.945312 0.521875 0.94375 0.521875 0.9375 0.515625 0.9375 0.514063 0.942187 0.509375 0.942187 0.507812 0.946875 0.503125 0.946875 0.496875 0.9375 0.496875 0.934375 0.49375 0.934375 0.492188 0.932813 0.490625 0.932813 0.482812 0.93125 0.482812 0.928125 0.479688 0.926562 0.479688 0.925 0.478125 0.923437 0.478125 0.921875 0.476562 0.901563 0.476562 0.9 0.475 0.885938 0.475 0.884375 0.473437 0.88125 0.473437 0.879687 0.471875 0.876562 0.471875 0.875 0.470313 0.873438 0.470313 0.871875 0.46875 0.870313 0.46875 0.865625 0.464063 0.865625 0.459375 0.881943
0 0.55 0.003125 0.55 0.009375 0.548437 0.0109375 0.546875 0.0109375 0.539062 0.01875 0.539062 0.0203125 0.5375 0.021875 0.5375 0.03125 0.539062 0.0328125 0.539062 0.0390625 0.5375 0.040625 0.5375 0.0421875 0.534375 0.0453125 0.534375 0.046875 0.532812 0.0484375 0.528125 0.0484375 0.528125 0.0609375 0.532812 0.0609375 0.534375 0.0625 0.534375 0.071875 0.535937 0.0734375 0.535937 0.075 0.5375 0.0765625 0.5375 0.0796875 0.539062 0.08125 0.539062 0.084375 0.540625 0.0859375 0.540625 0.090625 0.545313 0.0953125 0.546875 0.0953125 0.548437 0.096875 0.559375 0.096875 0.5625 0.09375 0.564062 0.09375 0.565625 0.0921875 0.56875 0.0921875 0.570312 0.090625 0.579687 0.090625 0.58125 0.0921875 0.6 0.0921875 0.601562 0.090625 0.603125 0.090625 0.604688 0.0890625 0.610937 0.0890625 0.6125 0.090625 0.621875 0.090625 0.623438 0.0890625 0.625 0.0890625 0.628125 0.0859375 0.629687 0.0859375 0.634375 0.08125 0.635938 0.08125 0.640625 0.0765625 0.640625 0.071875 0.642187 0.0703125 0.642187 0.0640625 0.64375 0.0625 0.64375 0.0546875 0.645312 0.053125 0.64375 0.0515625 0.64375 0.0484375 0.642187 0.046875 0.642187 0.04375 0.640625 0.0421875 0.640625 0.040625 0.639063 0.0390625 0.639063 0.0375 0.6375 0.0359375 0.6375 0.034375 0.634375 0.03125 0.63125 0.03125 0.629687 0.0296875 0.626562 0.0296875 0.625 0.028125 0.625 0.0203125 0.626562 0.01875 0.626562 0.0140625 0.620313 0.0078125 0.620313 0.003125 0.881173
0 0.64375 0.359375 0.64375 0.364062 0.640625 0.367188 0.6375 0.367188 0.635938 0.36875 0.628125 0.36875 0.626562 0.370313 0.626562 0.371875 0.614062 0.384375 0.614062 0.385938 0.6125 0.3875 0.6125 0.389062 0.604688 0.396875 0.604688 0.40625 0.603125 0.407813 0.601562 0.407813 0.596875 0.403125 0.590625 0.403125 0.590625 0.428125 0.6 0.428125 0.601562 0.429688 0.604688 0.429688 0.607813 0.432813 0.607813 0.44375 0.609375 0.445312 0.609375 0.446875 0.610937 0.446875 0.6125 0.448438 0.617188 0.448438 0.61875 0.446875 0.621875 0.446875 0.626562 0.451562 0.626562 0.454688 0.628125 0.45625 0.628125 0.465625 0.632812 0.470313 0.632812 0.471875 0.635938 0.471875 0.6375 0.470313 0.639063 0.470313 0.640625 0.46875 0.642187 0.46875 0.646875 0.464063 0.648438 0.464063 0.65 0.4625 0.651563 0.4625 0.653125 0.460938 0.657812 0.460938 0.659375 0.4625 0.660937 0.4625 0.6625 0.464063 0.665625 0.464063 0.667188 0.465625 0.673437 0.465625 0.675 0.467187 0.68125 0.467187 0.682813 0.46875 0.684375 0.46875 0.685938 0.467187 0.692187 0.467187 0.69375 0.465625 0.695312 0.465625 0.695312 0.464063 0.696875 0.4625 0.696875 0.460938 0.7 0.457812 0.7 0.448438 0.698438 0.446875 0.698438 0.44375 0.7 0.442187 0.7 0.435937 0.701563 0.434375 0.701563 0.432813 0.703125 0.43125 0.703125 0.426562 0.701563 0.425 0.701563 0.423438 0.7 0.421875 0.7 0.420312 0.696875 0.417188 0.696875 0.415625 0.695312 0.414062 0.695312 0.40625 0.696875 0.404687 0.696875 0.403125 0.698438 0.401563 0.698438 0.398438 0.7 0.396875 0.7 0.392188 0.701563 0.390625 0.698438 0.3875 0.696875 0.3875 0.695312 0.385938 0.69375 0.3875 0.685938 0.3875 0.684375 0.385938 0.682813 0.385938 0.68125 0.384375 0.68125 0.376563 0.679688 0.375 0.679688 0.370313 0.676562 0.367188 0.660937 0.367188 0.657812 0.364062 0.657812 0.359375 0.880712
0 0.75 0.265625 0.75 0.270312 0.746875 0.273438 0.745313 0.273438 0.74375 0.275 0.74375 0.276563 0.742188 0.278125 0.742188 0.279687 0.740625 0.28125 0.740625 0.282813 0.739062 0.284375 0.735937 0.284375 0.734375 0.285937 0.732813 0.285937 0.73125 0.284375 0.725 0.284375 0.723437 0.285937 0.720312 0.285937 0.71875 0.2875 0.709375 0.2875 0.707812 0.289062 0.70625 0.289062 0.704687 0.290625 0.704687 0.298438 0.70625 0.3 0.70625 0.30625 0.707812 0.307813 0.707812 0.309375 0.703125 0.314063 0.696875 0.314063 0.695312 0.3125 0.695312 0.310937 0.69375 0.309375 0.69375 0.307813 0.695312 0.30625 0.695312 0.304688 0.696875 0.303125 0.696875 0.298438 0.698438 0.296875 0.698438 0.292188 0.7 0.290625 0.698438 0.289062 0.696875 0.289062 0.692187 0.284375 0.690625 0.284375 0.689062 0.282813 0.684375 0.282813 0.684375 0.354688 0.689062 0.354688 0.689062 0.353125 0.69375 0.348437 0.695312 0.348437 0.696875 0.346875 0.7 0.346875 0.701563 0.345313 0.703125 0.345313 0.710938 0.353125 0.710938 0.354688 0.7125 0.35625 0.7125 0.370313 0.710938 0.371875 0.710938 0.378125 0.7125 0.379687 0.7125 0.38125 0.714063 0.382812 0.717188 0.382812 0.71875 0.38125 0.721875 0.38125 0.723437 0.379687 0.726562 0.379687 0.728125 0.378125 0.7375 0.378125 0.739062 0.376563 0.74375 0.376563 0.745313 0.375 0.746875 0.376563 0.748438 0.376563 0.751562 0.379687 0.7625 0.379687 0.764063 0.378125 0.765625 0.378125 0.767187 0.379687 0.770312 0.379687 0.771875 0.38125 0.776563 0.38125 0.782812 0.375 0.790625 0.375 0.792188 0.376563 0.79375 0.376563 0.795313 0.378125 0.796875 0.378125 0.798437 0.379687 0.8 0.379687 0.803125 0.382812 0.804688 0.382812 0.807813 0.385938 0.809375 0.385938 0.814062 0.390625 0.820312 0.390625 0.821875 0.389062 0.821875 0.384375 0.820312 0.382812 0.81875 0.382812 0.814062 0.378125 0.814062 0.376563 0.810938 0.373437 0.810938 0.371875 0.807813 0.36875 0.807813 0.367188 0.80625 0.367188 0.804688 0.365625 0.804688 0.364062 0.803125 0.3625 0.803125 0.360938 0.801562 0.359375 0.801562 0.357812 0.803125 0.35625 0.804688 0.35625 0.807813 0.353125 0.810938 0.353125 0.8125 0.351562 0.814062 0.351562 0.815625 0.35 0.815625 0.348437 0.817187 0.346875 0.814062 0.34375 0.8125 0.34375 0.807813 0.339063 0.807813 0.335938 0.80625 0.334375 0.807813 0.332812 0.807813 0.33125 0.817187 0.321875 0.81875 0.321875 0.820312 0.320312 0.81875 0.31875 0.81875 0.310937 0.820312 0.309375 0.820312 0.30625 0.821875 0.304688 0.821875 0.301562 0.817187 0.296875 0.815625 0.296875 0.814062 0.295312 0.814062 0.29375 0.8125 0.292188 0.8125 0.289062 0.810938 0.2875 0.810938 0.284375 0.809375 0.282813 0.809375 0.28125 0.79375 0.28125 0.792188 0.279687 0.790625 0.279687 0.789062 0.278125 0.785937 0.278125 0.784375 0.276563 0.764063 0.276563 0.7625 0.275 0.760938 0.275 0.759375 0.273438 0.757812 0.273438 0.754687 0.270312 0.754687 0.265625 0.880156
0 0.457812 0.359375 0.457812 0.365625 0.45625 0.367188 0.45625 0.36875 0.454688 0.370313 0.454688 0.371875 0.451562 0.375 0.45 0.375 0.448438 0.376563 0.428125 0.376563 0.421875 0.382812 0.414062 0.382812 0.4125 0.38125 0.409375 0.38125 0.407813 0.379687 0.40625 0.379687 0.404687 0.378125 0.403125 0.378125 0.401563 0.376563 0.4 0.376563 0.398438 0.378125 0.395312 0.378125 0.392188 0.38125 0.392188 0.382812 0.390625 0.384375 0.390625 0.3875 0.389062 0.389062 0.389062 0.401563 0.3875 0.403125 0.3875 0.404687 0.385938 0.40625 0.385938 0.407813 0.382812 0.410937 0.378125 0.410937 0.378125 0.429688 0.382812 0.429688 0.3875 0.434375 0.3875 0.435937 0.390625 0.439063 0.390625 0.440625 0.392188 0.442187 0.392188 0.445312 0.39375 0.446875 0.39375 0.45 0.395312 0.451562 0.395312 0.453125 0.396875 0.454688 0.396875 0.45625 0.4 0.459375 0.4 0.460938 0.409375 0.470313 0.414062 0.470313 0.415625 0.471875 0.41875 0.471875 0.426562 0.479688 0.429688 0.479688 0.43125 0.478125 0.432813 0.478125 0.432813 0.476562 0.434375 0.475 0.434375 0.471875 0.435937 0.470313 0.4375 0.470313 0.4375 0.46875 0.439063 0.467187 0.448438 0.467187 0.45 0.465625 0.454688 0.465625 0.45625 0.464063 0.4625 0.464063 0.464063 0.4625 0.465625 0.464063 0.473437 0.464063 0.475 0.4625 0.476562 0.4625 0.478125 0.460938 0.478125 0.459375 0.479688 0.457812 0.479688 0.453125 0.482812 0.45 0.485938 0.45 0.4875 0.451562 0.492188 0.451562 0.49375 0.453125 0.5 0.453125 0.501562 0.451562 0.501562 0.45 0.503125 0.448438 0.503125 0.446875 0.5 0.44375 0.5 0.442187 0.496875 0.439063 0.496875 0.4375 0.490625 0.43125 0.489062 0.43125 0.484375 0.426562 0.490625 0.420312 0.492188 0.420312 0.49375 0.41875 0.495313 0.41875 0.495313 0.417188 0.498437 0.414062 0.498437 0.410937 0.5 0.409375 0.5 0.40625 0.501562 0.404687 0.501562 0.401563 0.5 0.4 0.5 0.396875 0.498437 0.395312 0.492188 0.395312 0.490625 0.39375 0.489062 0.395312 0.478125 0.395312 0.475 0.392188 0.475 0.382812 0.476562 0.38125 0.476562 0.379687 0.478125 0.378125 0.478125 0.370313 0.476562 0.36875 0.476562 0.367188 0.475 0.367188 0.473437 0.365625 0.473437 0.359375 0.879557
0 0.971875 0.365625 0.971875 0.370313 0.965625 0.376563 0.964063 0.376563 0.9625 0.378125 0.94375 0.378125 0.942187 0.379687 0.939062 0.379687 0.9375 0.38125 0.935938 0.38125 0.934375 0.382812 0.934375 0.392188 0.935938 0.39375 0.935938 0.403125 0.932813 0.40625 0.93125 0.40625 0.929688 0.407813 0.921875 0.407813 0.921875 0.451562 0.926562 0.451562 0.928125 0.453125 0.928125 0.454688 0.929688 0.45625 0.929688 0.457812 0.932813 0.457812 0.939062 0.464063 0.939062 0.475 0.9375 0.476562 0.942187 0.48125 0.94375 0.48125 0.945312 0.482812 0.946875 0.482812 0.948438 0.484375 0.951563 0.484375 0.953125 0.485938 0.954687 0.484375 0.959375 0.484375 0.960938 0.482812 0.967188 0.482812 0.96875 0.48125 0.970312 0.48125 0.971875 0.479688 0.976562 0.479688 0.978125 0.478125 0.989062 0.478125 0.990625 0.479688 0.992188 0.479688 0.99375 0.48125 0.995313 0.48125 0.996875 0.482812 0.998438 0.482812 0.998438 0.365625 0.874935
0 0.442187 0.192188 0.442187 0.190625 0.448438 0.184375 0.446875 0.182812 0.445312 0.182812 0.44375 0.18125 0.442187 0.18125 0.440625 0.179688 0.434375 0.179688 0.434375 0.19375 0.440625 0.19375 0.442187 0.192188 0.448438 0.19375 0.448438 0.195312 0.442187 0.201562 0.442187 0.2125 0.440625 0.214062 0.440625 0.215625 0.439063 0.217187 0.434375 0.217187 0.434375 0.221875 0.440625 0.221875 0.45 0.23125 0.45 0.232812 0.45625 0.239063 0.457812 0.239063 0.464063 0.245312 0.464063 0.253125 0.465625 0.254687 0.465625 0.257812 0.467187 0.259375 0.467187 0.260938 0.46875 0.260938 0.470313 0.2625 0.471875 0.260938 0.478125 0.260938 0.479688 0.259375 0.4875 0.259375 0.489062 0.260938 0.490625 0.260938 0.492188 0.2625 0.492188 0.264062 0.498437 0.270312 0.5 0.270312 0.501562 0.271875 0.503125 0.271875 0.504687 0.270312 0.507812 0.270312 0.509375 0.26875 0.510938 0.26875 0.5125 0.267188 0.5125 0.265625 0.514063 0.264062 0.517187 0.264062 0.51875 0.265625 0.520312 0.265625 0.521875 0.267188 0.523438 0.265625 0.525 0.265625 0.526563 0.264062 0.526563 0.259375 0.529688 0.25625 0.532812 0.25625 0.534375 0.254687 0.535937 0.254687 0.5375 0.25625 0.545313 0.25625 0.546875 0.257812 0.553125 0.257812 0.557813 0.253125 0.557813 0.245312 0.559375 0.24375 0.559375 0.239063 0.560938 0.2375 0.560938 0.235938 0.5625 0.234375 0.5625 0.232812 0.567187 0.228125 0.567187 0.226562 0.565625 0.225 0.565625 0.221875 0.5625 0.21875 0.5625 0.217187 0.560938 0.215625 0.560938 0.214062 0.559375 0.2125 0.559375 0.204688 0.560938 0.203125 0.560938 0.201562 0.565625 0.196875 0.565625 0.195312 0.567187 0.19375 0.567187 0.192188 0.56875 0.190625 0.56875 0.182812 0.565625 0.179688 0.564062 0.179688 0.5625 0.178125 0.557813 0.178125 0.55625 0.176563 0.554688 0.176563 0.553125 0.175 0.551562 0.175 0.55 0.173438 0.55 0.171875 0.548437 0.170312 0.548437 0.160938 0.546875 0.159375 0.546875 0.15625 0.545313 0.154687 0.545313 0.153125 0.54375 0.151562 0.54375 0.146875 0.526563 0.146875 0.526563 0.151562 0.525 0.153125 0.525 0.154687 0.520312 0.159375 0.51875 0.159375 0.517187 0.160938 0.515625 0.160938 0.514063 0.1625 0.5125 0.160938 0.509375 0.160938 0.504687 0.15625 0.503125 0.15625 0.501562 0.154687 0.5 0.154687 0.498437 0.15625 0.49375 0.15625 0.492188 0.157813 0.490625 0.157813 0.489062 0.159375 0.4875 0.159375 0.482812 0.164062 0.46875 0.164062 0.467187 0.165625 0.465625 0.165625 0.460938 0.170312 0.459375 0.170312 0.457812 0.171875 0.459375 0.173438 0.459375 0.175 0.4625 0.175 0.465625 0.178125 0.465625 0.182812 0.4625 0.185937 0.460938 0.185937 0.459375 0.1875 0.457812 0.1875 0.45625 0.189063 0.453125 0.189063 0.448438 0.19375 0.874855
0 0.7625 0.365625 0.7625 0.373437 0.757812 0.378125 0.75625 0.378125 0.754687 0.379687 0.735937 0.379687 0.734375 0.38125 0.729688 0.38125 0.723437 0.3875 0.721875 0.3875 0.720312 0.389062 0.71875 0.389062 0.717188 0.390625 0.714063 0.390625 0.7125 0.392188 0.710938 0.392188 0.709375 0.39375 0.709375 0.395312 0.707812 0.396875 0.707812 0.401563 0.70625 0.403125 0.70625 0.40625 0.704687 0.407813 0.704687 0.410937 0.703125 0.4125 0.703125 0.414062 0.701563 0.415625 0.696875 0.415625 0.696875 0.439063 0.703125 0.439063 0.709375 0.445312 0.709375 0.453125 0.710938 0.454688 0.710938 0.45625 0.7125 0.457812 0.714063 0.457812 0.715625 0.459375 0.728125 0.459375 0.735937 0.467187 0.7375 0.467187 0.739062 0.46875 0.742188 0.46875 0.74375 0.470313 0.746875 0.470313 0.75 0.467187 0.751562 0.467187 0.753125 0.465625 0.779688 0.465625 0.78125 0.464063 0.785937 0.464063 0.7875 0.4625 0.790625 0.4625 0.792188 0.464063 0.795313 0.464063 0.796875 0.465625 0.798437 0.465625 0.801562 0.46875 0.809375 0.46875 0.8125 0.465625 0.8125 0.464063 0.814062 0.4625 0.814062 0.460938 0.820312 0.454688 0.820312 0.453125 0.821875 0.451562 0.821875 0.44375 0.823438 0.442187 0.823438 0.439063 0.828125 0.434375 0.828125 0.432813 0.829687 0.43125 0.829687 0.429688 0.832812 0.426562 0.832812 0.420312 0.826563 0.414062 0.826563 0.4125 0.823438 0.409375 0.823438 0.407813 0.825 0.40625 0.825 0.403125 0.826563 0.401563 0.826563 0.398438 0.828125 0.396875 0.826563 0.395312 0.826563 0.39375 0.825 0.392188 0.825 0.389062 0.823438 0.3875 0.823438 0.384375 0.820312 0.38125 0.817187 0.38125 0.815625 0.379687 0.8125 0.379687 0.810938 0.378125 0.809375 0.378125 0.807813 0.376563 0.792188 0.376563 0.790625 0.378125 0.785937 0.378125 0.784375 0.379687 0.782812 0.378125 0.78125 0.378125 0.779688 0.376563 0.779688 0.365625 0.873457
0 0.978125 0.296875 0.978125 0.301562 0.978125 0.296875 0.971875 0.282813 0.973437 0.28125 0.978125 0.28125 0.98125 0.278125 0.98125 0.276563 0.982813 0.275 0.982813 0.271875 0.984375 0.270312 0.984375 0.26875 0.989062 0.264062 0.990625 0.264062 0.99375 0.260938 0.998438 0.260938 0.998438 0.19375 0.996875 0.19375 0.995313 0.192188 0.989062 0.192188 0.9875 0.190625 0.982813 0.190625 0.978125 0.185937 0.978125 0.184375 0.973437 0.179688 0.973437 0.178125 0.970312 0.175 0.96875 0.175 0.967188 0.173438 0.95625 0.173438 0.954687 0.171875 0.951563 0.171875 0.94375 0.164062 0.94375 0.159375 0.939062 0.159375 0.939062 0.165625 0.934375 0.170312 0.93125 0.170312 0.929688 0.171875 0.928125 0.171875 0.923437 0.176563 0.923437 0.178125 0.921875 0.179688 0.921875 0.18125 0.91875 0.184375 0.91875 0.185937 0.915625 0.189063 0.9125 0.189063 0.910937 0.190625 0.907812 0.190625 0.90625 0.192188 0.890625 0.192188 0.890625 0.207813 0.895312 0.207813 0.903125 0.215625 0.903125 0.221875 0.901563 0.223438 0.901563 0.225 0.898438 0.228125 0.898438 0.229687 0.896875 0.23125 0.890625 0.23125 0.890625 0.25 0.898438 0.25 0.9 0.251563 0.903125 0.251563 0.904688 0.253125 0.904688 0.254687 0.90625 0.25625 0.90625 0.265625 0.907812 0.267188 0.907812 0.26875 0.909375 0.270312 0.909375 0.271875 0.910937 0.273438 0.910937 0.275 0.914062 0.278125 0.914062 0.279687 0.91875 0.284375 0.91875 0.285937 0.920313 0.2875 0.920313 0.289062 0.921875 0.289062 0.923437 0.290625 0.928125 0.290625 0.929688 0.292188 0.935938 0.292188 0.940625 0.2875 0.942187 0.2875 0.94375 0.285937 0.945312 0.285937 0.946875 0.284375 0.951563 0.284375 0.953125 0.282813 0.971875 0.282813 0.86378
0 0.723437 0.153125 0.723437 0.157813 0.728125 0.1625 0.728125 0.170312 0.726562 0.171875 0.726562 0.173438 0.721875 0.178125 0.707812 0.178125 0.70625 0.176563 0.701563 0.176563 0.7 0.178125 0.696875 0.178125 0.695312 0.179688 0.692187 0.179688 0.690625 0.18125 0.685938 0.18125 0.684375 0.182812 0.679688 0.182812 0.678125 0.184375 0.676562 0.184375 0.673437 0.1875 0.671875 0.1875 0.670313 0.189063 0.665625 0.189063 0.665625 0.204688 0.671875 0.204688 0.673437 0.20625 0.675 0.20625 0.676562 0.207813 0.676562 0.209375 0.678125 0.210938 0.678125 0.2125 0.679688 0.214062 0.679688 0.215625 0.671875 0.223438 0.665625 0.223438 0.665625 0.246875 0.673437 0.246875 0.675 0.248437 0.679688 0.248437 0.68125 0.25 0.6875 0.25 0.689062 0.248437 0.690625 0.25 0.692187 0.25 0.69375 0.251563 0.69375 0.264062 0.695312 0.265625 0.695312 0.267188 0.698438 0.270312 0.701563 0.270312 0.703125 0.271875 0.704687 0.271875 0.70625 0.270312 0.707812 0.270312 0.709375 0.271875 0.709375 0.276563 0.7125 0.279687 0.717188 0.279687 0.71875 0.278125 0.720312 0.278125 0.721875 0.276563 0.723437 0.276563 0.728125 0.271875 0.729688 0.271875 0.73125 0.273438 0.732813 0.273438 0.735937 0.270312 0.735937 0.26875 0.7375 0.267188 0.7375 0.265625 0.740625 0.2625 0.746875 0.2625 0.748438 0.264062 0.75 0.264062 0.751562 0.265625 0.753125 0.265625 0.757812 0.270312 0.760938 0.270312 0.7625 0.271875 0.770312 0.271875 0.771875 0.270312 0.771875 0.26875 0.773438 0.267188 0.773438 0.259375 0.775 0.257812 0.775 0.253125 0.776563 0.251563 0.776563 0.240625 0.778125 0.239063 0.785937 0.239063 0.7875 0.2375 0.789062 0.2375 0.789062 0.235938 0.790625 0.234375 0.790625 0.229687 0.789062 0.228125 0.789062 0.226562 0.7875 0.225 0.7875 0.223438 0.784375 0.220313 0.784375 0.21875 0.782812 0.217187 0.782812 0.210938 0.784375 0.209375 0.784375 0.204688 0.785937 0.203125 0.785937 0.195312 0.784375 0.19375 0.784375 0.190625 0.782812 0.189063 0.779688 0.189063 0.778125 0.1875 0.776563 0.189063 0.76875 0.189063 0.764063 0.184375 0.764063 0.176563 0.7625 0.175 0.7625 0.171875 0.759375 0.16875 0.759375 0.167187 0.757812 0.165625 0.75625 0.165625 0.754687 0.164062 0.753125 0.164062 0.753125 0.165625 0.751562 0.167187 0.751562 0.16875 0.745313 0.175 0.739062 0.175 0.7375 0.173438 0.7375 0.171875 0.734375 0.16875 0.734375 0.165625 0.729688 0.160938 0.729688 0.153125 0.863182
0 0.745313 0.003125 0.745313 0.009375 0.74375 0.0109375 0.74375 0.0125 0.739062 0.0171875 0.739062 0.01875 0.735937 0.021875 0.735937 0.0234375 0.734375 0.025 0.728125 0.025 0.728125 0.040625 0.734375 0.040625 0.735937 0.0421875 0.7375 0.0421875 0.745313 0.05 0.745313 0.0578125 0.74375 0.059375 0.74375 0.0609375 0.742188 0.0625 0.742188 0.0703125 0.74375 0.071875 0.745313 0.071875 0.751562 0.078125 0.75 0.0796875 0.75 0.084375 0.746875 0.0875 0.746875 0.0890625 0.745313 0.090625 0.745313 0.096875 0.746875 0.096875 0.748438 0.0984375 0.759375 0.0984375 0.760938 0.096875 0.7625 0.096875 0.765625 0.09375 0.767187 0.09375 0.76875 0.0921875 0.770312 0.0921875 0.771875 0.090625 0.775 0.090625 0.776563 0.0890625 0.779688 0.0890625 0.78125 0.090625 0.784375 0.090625 0.785937 0.0921875 0.789062 0.0921875 0.790625 0.09375 0.792188 0.0921875 0.796875 0.0921875 0.8 0.0890625 0.8 0.0875 0.803125 0.084375 0.804688 0.084375 0.80625 0.0828125 0.817187 0.0828125 0.81875 0.084375 0.829687 0.084375 0.83125 0.0828125 0.832812 0.0828125 0.834375 0.08125 0.834375 0.0796875 0.835938 0.078125 0.835938 0.0765625 0.834375 0.075 0.834375 0.06875 0.832812 0.0671875 0.832812 0.059375 0.835938 0.05625 0.8375 0.05625 0.839063 0.0546875 0.840625 0.0546875 0.842188 0.053125 0.846875 0.053125 0.85 0.05 0.85 0.0484375 0.851562 0.046875 0.851562 0.0453125 0.85 0.04375 0.848437 0.04375 0.846875 0.0421875 0.846875 0.040625 0.84375 0.040625 0.842188 0.0390625 0.835938 0.0390625 0.834375 0.0375 0.832812 0.0375 0.829687 0.034375 0.829687 0.0328125 0.83125 0.03125 0.83125 0.0296875 0.832812 0.028125 0.832812 0.0265625 0.8375 0.021875 0.8375 0.0203125 0.840625 0.0171875 0.840625 0.003125 0.862385
0 0.24375 0.084375 0.24375 0.090625 0.242188 0.0921875 0.240625 0.0921875 0.239063 0.09375 0.239063 0.0953125 0.2375 0.096875 0.2375 0.107813 0.234375 0.110937 0.232812 0.110937 0.23125 0.1125 0.226562 0.1125 0.225 0.114063 0.221875 0.114063 0.220313 0.115625 0.217187 0.115625 0.215625 0.117188 0.209375 0.117188 0.209375 0.132812 0.214062 0.132812 0.215625 0.134375 0.215625 0.135937 0.217187 0.1375 0.217187 0.140625 0.215625 0.142188 0.215625 0.145313 0.214062 0.146875 0.209375 0.146875 0.209375 0.164062 0.215625 0.164062 0.217187 0.165625 0.217187 0.167187 0.21875 0.167187 0.220313 0.16875 0.221875 0.16875 0.223438 0.170312 0.225 0.170312 0.23125 0.176563 0.23125 0.178125 0.232812 0.179688 0.232812 0.18125 0.234375 0.182812 0.234375 0.185937 0.235938 0.1875 0.235938 0.189063 0.2375 0.190625 0.25 0.190625 0.251563 0.192188 0.254687 0.192188 0.25625 0.19375 0.259375 0.19375 0.260938 0.192188 0.2625 0.192188 0.264062 0.190625 0.265625 0.190625 0.267188 0.189063 0.26875 0.189063 0.271875 0.185937 0.273438 0.185937 0.275 0.184375 0.279687 0.184375 0.28125 0.185937 0.284375 0.185937 0.285937 0.1875 0.2875 0.1875 0.289062 0.189063 0.29375 0.189063 0.295312 0.190625 0.296875 0.189063 0.298438 0.189063 0.304688 0.182812 0.304688 0.173438 0.30625 0.171875 0.30625 0.16875 0.307813 0.167187 0.307813 0.165625 0.309375 0.164062 0.310937 0.164062 0.3125 0.1625 0.314063 0.1625 0.315625 0.160938 0.317187 0.160938 0.320312 0.157813 0.320312 0.15 0.31875 0.148438 0.31875 0.146875 0.317187 0.145313 0.317187 0.132812 0.31875 0.13125 0.31875 0.121875 0.317187 0.120312 0.317187 0.11875 0.315625 0.117188 0.315625 0.115625 0.310937 0.110937 0.310937 0.109375 0.307813 0.10625 0.298438 0.10625 0.296875 0.107813 0.295312 0.107813 0.29375 0.10625 0.29375 0.104687 0.292188 0.103125 0.292188 0.096875 0.289062 0.09375 0.289062 0.0921875 0.285937 0.0890625 0.285937 0.084375 0.278125 0.084375 0.278125 0.0890625 0.275 0.0921875 0.275 0.09375 0.26875 0.1 0.267188 0.1 0.264062 0.103125 0.25625 0.103125 0.254687 0.101562 0.254687 0.0984375 0.253125 0.096875 0.253125 0.09375 0.254687 0.0921875 0.254687 0.084375 0.862325
0 0.290625 0.178125 0.290625 0.190625 0.289062 0.192188 0.2875 0.192188 0.285937 0.19375 0.28125 0.19375 0.279687 0.192188 0.276563 0.192188 0.273438 0.189063 0.26875 0.189063 0.267188 0.190625 0.267188 0.19375 0.265625 0.195312 0.265625 0.198437 0.264062 0.2 0.264062 0.203125 0.259375 0.207813 0.246875 0.207813 0.246875 0.242188 0.253125 0.242188 0.25625 0.245312 0.25625 0.246875 0.257812 0.248437 0.257812 0.25 0.259375 0.251563 0.259375 0.254687 0.260938 0.25625 0.260938 0.257812 0.264062 0.260938 0.264062 0.2625 0.265625 0.2625 0.26875 0.265625 0.270312 0.265625 0.279687 0.275 0.28125 0.275 0.282813 0.276563 0.289062 0.276563 0.290625 0.275 0.29375 0.275 0.295312 0.273438 0.296875 0.273438 0.298438 0.271875 0.304688 0.271875 0.3125 0.279687 0.3125 0.28125 0.314063 0.282813 0.317187 0.282813 0.31875 0.28125 0.31875 0.279687 0.323438 0.275 0.328125 0.275 0.329688 0.276563 0.33125 0.276563 0.332812 0.278125 0.334375 0.278125 0.335938 0.279687 0.342187 0.279687 0.345313 0.276563 0.345313 0.270312 0.340625 0.265625 0.340625 0.264062 0.34375 0.260938 0.351562 0.260938 0.353125 0.259375 0.35625 0.259375 0.357812 0.257812 0.357812 0.251563 0.348437 0.242188 0.346875 0.242188 0.345313 0.240625 0.345313 0.235938 0.34375 0.234375 0.348437 0.229687 0.35 0.229687 0.354688 0.225 0.354688 0.223438 0.35625 0.221875 0.35625 0.220313 0.353125 0.217187 0.353125 0.215625 0.351562 0.214062 0.35 0.214062 0.348437 0.2125 0.346875 0.2125 0.345313 0.210938 0.340625 0.210938 0.339063 0.209375 0.339063 0.20625 0.340625 0.204688 0.340625 0.201562 0.342187 0.2 0.342187 0.196875 0.34375 0.195312 0.342187 0.19375 0.342187 0.192188 0.340625 0.190625 0.340625 0.189063 0.339063 0.1875 0.332812 0.1875 0.329688 0.190625 0.328125 0.190625 0.326562 0.192188 0.325 0.192188 0.323438 0.19375 0.321875 0.19375 0.320312 0.195312 0.31875 0.195312 0.317187 0.196875 0.315625 0.196875 0.314063 0.198437 0.310937 0.195312 0.310937 0.189063 0.309375 0.1875 0.309375 0.185937 0.307813 0.184375 0.307813 0.178125 0.860185
0 0.898438 0.359375 0.898438 0.365625 0.895312 0.36875 0.89375 0.36875 0.89375 0.370313 0.889063 0.375 0.8875 0.375 0.885938 0.376563 0.86875 0.376563 0.867188 0.378125 0.864062 0.378125 0.864062 0.379687 0.8625 0.38125 0.860937 0.38125 0.857813 0.384375 0.85 0.384375 0.848437 0.382812 0.839063 0.382812 0.834375 0.3875 0.834375 0.390625 0.832812 0.392188 0.832812 0.39375 0.829687 0.396875 0.828125 0.396875 0.826563 0.398438 0.825 0.396875 0.815625 0.396875 0.815625 0.4125 0.826563 0.4125 0.829687 0.415625 0.829687 0.421875 0.834375 0.426562 0.834375 0.428125 0.832812 0.429688 0.83125 0.429688 0.828125 0.432813 0.825 0.432813 0.823438 0.43125 0.823438 0.425 0.825 0.423438 0.825 0.420312 0.821875 0.417188 0.815625 0.417188 0.815625 0.43125 0.823438 0.43125 0.825 0.432813 0.821875 0.435937 0.815625 0.435937 0.815625 0.44375 0.820312 0.44375 0.825 0.448438 0.826563 0.448438 0.829687 0.451562 0.83125 0.451562 0.832812 0.453125 0.835938 0.453125 0.84375 0.460938 0.84375 0.4625 0.846875 0.465625 0.854688 0.465625 0.85625 0.464063 0.867188 0.464063 0.870313 0.467187 0.873438 0.467187 0.875 0.46875 0.878125 0.46875 0.879687 0.470313 0.890625 0.470313 0.892187 0.471875 0.895312 0.471875 0.896875 0.473437 0.910937 0.473437 0.9125 0.471875 0.914062 0.471875 0.915625 0.470313 0.915625 0.46875 0.917188 0.467187 0.917188 0.465625 0.91875 0.464063 0.91875 0.4625 0.925 0.45625 0.925 0.453125 0.926562 0.451562 0.926562 0.442187 0.928125 0.440625 0.928125 0.432813 0.925 0.429688 0.925 0.428125 0.923437 0.426562 0.923437 0.423438 0.921875 0.421875 0.921875 0.420312 0.923437 0.41875 0.923437 0.415625 0.929688 0.409375 0.93125 0.409375 0.935938 0.404687 0.935938 0.403125 0.9375 0.401563 0.9375 0.396875 0.935938 0.395312 0.935938 0.392188 0.934375 0.390625 0.934375 0.3875 0.932813 0.3875 0.93125 0.385938 0.923437 0.385938 0.921875 0.384375 0.920313 0.384375 0.917188 0.38125 0.917188 0.378125 0.915625 0.376563 0.915625 0.359375 0.858468
0 0.625 0.153125 0.625 0.159375 0.61875 0.165625 0.617188 0.165625 0.614062 0.16875 0.607813 0.16875 0.60625 0.170312 0.604688 0.170312 0.603125 0.171875 0.601562 0.171875 0.598437 0.175 0.596875 0.175 0.592188 0.179688 0.592188 0.18125 0.5875 0.185937 0.585938 0.185937 0.584375 0.1875 0.582812 0.1875 0.58125 0.189063 0.575 0.189063 0.573438 0.190625 0.571875 0.190625 0.56875 0.19375 0.56875 0.203125 0.564062 0.207813 0.553125 0.207813 0.553125 0.24375 0.557813 0.24375 0.560938 0.246875 0.564062 0.246875 0.565625 0.248437 0.56875 0.248437 0.573438 0.253125 0.573438 0.254687 0.575 0.25625 0.575 0.257812 0.576563 0.259375 0.576563 0.260938 0.578125 0.2625 0.578125 0.264062 0.585938 0.271875 0.6 0.271875 0.601562 0.270312 0.603125 0.271875 0.604688 0.271875 0.607813 0.275 0.607813 0.276563 0.609375 0.278125 0.6125 0.278125 0.614062 0.279687 0.615625 0.279687 0.617188 0.278125 0.61875 0.278125 0.620313 0.276563 0.623438 0.276563 0.625 0.275 0.626562 0.275 0.629687 0.271875 0.632812 0.271875 0.640625 0.264062 0.64375 0.264062 0.645312 0.2625 0.646875 0.2625 0.648438 0.260938 0.65 0.260938 0.653125 0.257812 0.657812 0.257812 0.659375 0.25625 0.664062 0.25625 0.665625 0.254687 0.665625 0.253125 0.667188 0.251563 0.665625 0.25 0.665625 0.23125 0.66875 0.228125 0.670313 0.228125 0.676562 0.221875 0.678125 0.221875 0.678125 0.21875 0.676562 0.217187 0.676562 0.215625 0.671875 0.210938 0.671875 0.209375 0.667188 0.204688 0.667188 0.179688 0.665625 0.178125 0.665625 0.176563 0.664062 0.175 0.664062 0.173438 0.6625 0.171875 0.660937 0.171875 0.659375 0.170312 0.657812 0.170312 0.65625 0.171875 0.651563 0.171875 0.65 0.173438 0.646875 0.173438 0.645312 0.175 0.639063 0.175 0.6375 0.173438 0.6375 0.171875 0.635938 0.170312 0.635938 0.153125 0.85797
0 0.69375 0.390625 0.69375 0.395312 0.695312 0.395312 0.695312 0.390625 0.69375 0.390625 0.692187 0.375 0.703125 0.375 0.704687 0.373437 0.704687 0.367188 0.703125 0.365625 0.703125 0.364062 0.7 0.360938 0.7 0.359375 0.698438 0.357812 0.698438 0.35625 0.695312 0.353125 0.695312 0.351562 0.69375 0.35 0.69375 0.345313 0.695312 0.34375 0.695312 0.342187 0.698438 0.339063 0.698438 0.3375 0.7 0.335938 0.701563 0.335938 0.703125 0.334375 0.70625 0.334375 0.707812 0.332812 0.710938 0.332812 0.714063 0.329688 0.720312 0.329688 0.720312 0.326562 0.714063 0.326562 0.710938 0.323438 0.710938 0.321875 0.707812 0.31875 0.70625 0.31875 0.704687 0.317187 0.703125 0.317187 0.698438 0.3125 0.698438 0.310937 0.696875 0.309375 0.696875 0.307813 0.698438 0.30625 0.698438 0.292188 0.7 0.290625 0.698438 0.289062 0.698438 0.285937 0.695312 0.282813 0.69375 0.282813 0.692187 0.28125 0.689062 0.28125 0.6875 0.282813 0.682813 0.282813 0.679688 0.285937 0.678125 0.285937 0.676562 0.2875 0.66875 0.2875 0.6625 0.28125 0.6625 0.278125 0.660937 0.276563 0.660937 0.273438 0.659375 0.271875 0.659375 0.265625 0.635938 0.265625 0.635938 0.270312 0.634375 0.271875 0.634375 0.273438 0.626562 0.28125 0.625 0.28125 0.623438 0.282813 0.617188 0.282813 0.615625 0.284375 0.614062 0.284375 0.6125 0.285937 0.610937 0.285937 0.607813 0.289062 0.60625 0.289062 0.60625 0.290625 0.604688 0.292188 0.604688 0.296875 0.60625 0.298438 0.60625 0.3 0.607813 0.301562 0.607813 0.309375 0.60625 0.310937 0.604688 0.310937 0.603125 0.3125 0.590625 0.3125 0.590625 0.34375 0.6 0.34375 0.604688 0.348437 0.604688 0.35 0.607813 0.353125 0.607813 0.354688 0.609375 0.35625 0.609375 0.373437 0.610937 0.375 0.610937 0.376563 0.6125 0.376563 0.614062 0.378125 0.615625 0.378125 0.617188 0.376563 0.623438 0.376563 0.625 0.375 0.626562 0.375 0.628125 0.373437 0.635938 0.373437 0.6375 0.375 0.639063 0.375 0.640625 0.376563 0.648438 0.376563 0.65 0.375 0.659375 0.375 0.660937 0.373437 0.665625 0.373437 0.667188 0.371875 0.66875 0.371875 0.670313 0.370313 0.675 0.370313 0.676562 0.36875 0.678125 0.370313 0.68125 0.370313 0.682813 0.371875 0.685938 0.371875 0.6875 0.373437 0.690625 0.373437 0.692187 0.375 0.855458
0 0.56875 0.359375 0.56875 0.364062 0.564062 0.36875 0.5625 0.36875 0.560938 0.370313 0.559375 0.370313 0.557813 0.371875 0.554688 0.371875 0.553125 0.373437 0.551562 0.373437 0.55 0.375 0.548437 0.375 0.546875 0.376563 0.545313 0.376563 0.54375 0.378125 0.517187 0.378125 0.515625 0.376563 0.501562 0.376563 0.495313 0.382812 0.490625 0.382812 0.490625 0.3875 0.495313 0.3875 0.496875 0.389062 0.496875 0.390625 0.495313 0.392188 0.490625 0.392188 0.490625 0.421875 0.495313 0.421875 0.498437 0.425 0.498437 0.426562 0.5 0.428125 0.5 0.429688 0.498437 0.43125 0.498437 0.4375 0.496875 0.439063 0.490625 0.439063 0.490625 0.440625 0.501562 0.440625 0.503125 0.442187 0.503125 0.44375 0.504687 0.445312 0.504687 0.448438 0.50625 0.45 0.50625 0.451562 0.507812 0.453125 0.507812 0.454688 0.509375 0.45625 0.509375 0.457812 0.514063 0.4625 0.521875 0.4625 0.525 0.459375 0.53125 0.459375 0.5375 0.465625 0.5375 0.467187 0.539062 0.46875 0.542188 0.46875 0.54375 0.470313 0.567187 0.470313 0.56875 0.46875 0.570312 0.46875 0.573438 0.465625 0.573438 0.464063 0.576563 0.460938 0.579687 0.460938 0.58125 0.4625 0.592188 0.4625 0.596875 0.457812 0.596875 0.45 0.595312 0.448438 0.595312 0.445312 0.59375 0.44375 0.59375 0.442187 0.592188 0.440625 0.592188 0.439063 0.5875 0.434375 0.5875 0.432813 0.590625 0.429688 0.59375 0.429688 0.595312 0.428125 0.604688 0.428125 0.60625 0.426562 0.60625 0.420312 0.604688 0.41875 0.604688 0.415625 0.6 0.410937 0.6 0.409375 0.595312 0.404687 0.59375 0.404687 0.592188 0.403125 0.592188 0.396875 0.598437 0.390625 0.598437 0.389062 0.6 0.3875 0.6 0.384375 0.601562 0.382812 0.601562 0.376563 0.6 0.375 0.6 0.373437 0.596875 0.370313 0.585938 0.370313 0.584375 0.371875 0.582812 0.371875 0.579687 0.36875 0.579687 0.367188 0.578125 0.365625 0.578125 0.359375 0.855091
0 0.517187 0.484375 0.51875 0.485938 0.51875 0.490625 0.520312 0.492188 0.526563 0.492188 0.526563 0.479688 0.521875 0.479688 0.520312 0.48125 0.51875 0.48125 0.517187 0.482812 0.517187 0.484375 0.514063 0.485938 0.514063 0.478125 0.510938 0.475 0.510938 0.473437 0.507812 0.470313 0.50625 0.470313 0.504687 0.46875 0.503125 0.46875 0.501562 0.467187 0.4875 0.467187 0.485938 0.465625 0.484375 0.465625 0.482812 0.464063 0.482812 0.459375 0.45 0.459375 0.45 0.465625 0.448438 0.467187 0.446875 0.467187 0.445312 0.46875 0.445312 0.470313 0.44375 0.471875 0.442187 0.471875 0.432813 0.48125 0.43125 0.48125 0.428125 0.484375 0.426562 0.484375 0.423438 0.4875 0.423438 0.489062 0.421875 0.490625 0.421875 0.49375 0.420312 0.495313 0.420312 0.496875 0.41875 0.498437 0.41875 0.5 0.414062 0.504687 0.409375 0.504687 0.409375 0.528125 0.414062 0.528125 0.423438 0.5375 0.423438 0.539062 0.426562 0.542188 0.426562 0.54375 0.429688 0.546875 0.429688 0.548437 0.432813 0.551562 0.434375 0.551562 0.435937 0.553125 0.435937 0.554688 0.442187 0.560938 0.44375 0.560938 0.445312 0.5625 0.448438 0.5625 0.45 0.564062 0.453125 0.564062 0.45625 0.560938 0.45625 0.559375 0.457812 0.557813 0.4625 0.557813 0.46875 0.564062 0.470313 0.564062 0.471875 0.565625 0.475 0.565625 0.476562 0.567187 0.478125 0.565625 0.479688 0.565625 0.485938 0.559375 0.485938 0.557813 0.4875 0.55625 0.4875 0.554688 0.489062 0.553125 0.489062 0.546875 0.490625 0.545313 0.498437 0.545313 0.5 0.546875 0.504687 0.546875 0.510938 0.540625 0.510938 0.539062 0.509375 0.5375 0.509375 0.534375 0.507812 0.532812 0.507812 0.53125 0.50625 0.529688 0.50625 0.528125 0.504687 0.526563 0.504687 0.520312 0.509375 0.515625 0.509375 0.514063 0.510938 0.5125 0.510938 0.509375 0.5125 0.507812 0.5125 0.4875 0.514063 0.485938 0.852426
0 0.840625 0.170312 0.839063 0.171875 0.835938 0.171875 0.829687 0.178125 0.815625 0.178125 0.8125 0.18125 0.810938 0.18125 0.809375 0.182812 0.807813 0.182812 0.80625 0.184375 0.803125 0.184375 0.801562 0.185937 0.8 0.185937 0.796875 0.189063 0.795313 0.189063 0.792188 0.192188 0.792188 0.19375 0.790625 0.195312 0.790625 0.198437 0.789062 0.2 0.789062 0.203125 0.785937 0.20625 0.785937 0.2125 0.79375 0.220313 0.79375 0.228125 0.790625 0.23125 0.790625 0.232812 0.7875 0.235938 0.7875 0.2375 0.785937 0.239063 0.789062 0.242188 0.790625 0.242188 0.792188 0.24375 0.79375 0.24375 0.796875 0.246875 0.796875 0.25 0.798437 0.251563 0.798437 0.257812 0.801562 0.260938 0.801562 0.2625 0.817187 0.2625 0.81875 0.260938 0.821875 0.260938 0.823438 0.2625 0.826563 0.2625 0.828125 0.264062 0.828125 0.265625 0.829687 0.267188 0.829687 0.26875 0.83125 0.270312 0.83125 0.271875 0.832812 0.273438 0.832812 0.275 0.834375 0.276563 0.835938 0.276563 0.8375 0.278125 0.85 0.278125 0.851562 0.276563 0.853125 0.276563 0.853125 0.275 0.854688 0.273438 0.854688 0.271875 0.85625 0.270312 0.85625 0.26875 0.857813 0.267188 0.857813 0.265625 0.859375 0.264062 0.865625 0.264062 0.873438 0.271875 0.875 0.271875 0.876562 0.273438 0.879687 0.273438 0.88125 0.271875 0.882812 0.271875 0.885938 0.26875 0.885938 0.267188 0.889063 0.264062 0.889063 0.2625 0.890625 0.260938 0.890625 0.253125 0.889063 0.251563 0.889063 0.25 0.8875 0.248437 0.8875 0.246875 0.885938 0.245312 0.885938 0.2375 0.8875 0.235938 0.8875 0.234375 0.889063 0.232812 0.890625 0.232812 0.892187 0.23125 0.89375 0.23125 0.896875 0.228125 0.898438 0.228125 0.901563 0.225 0.901563 0.220313 0.895312 0.214062 0.895312 0.2125 0.89375 0.210938 0.89375 0.209375 0.892187 0.207813 0.892187 0.198437 0.890625 0.196875 0.890625 0.189063 0.889063 0.1875 0.878125 0.1875 0.875 0.184375 0.875 0.176563 0.873438 0.175 0.873438 0.173438 0.871875 0.171875 0.870313 0.171875 0.86875 0.170312 0.860937 0.170312 0.859375 0.171875 0.851562 0.171875 0.85 0.170312 0.85114
0 0.385938 0.159375 0.385938 0.171875 0.382812 0.175 0.382812 0.176563 0.379687 0.179688 0.378125 0.179688 0.375 0.182812 0.373437 0.182812 0.370313 0.185937 0.36875 0.185937 0.367188 0.1875 0.365625 0.1875 0.359375 0.19375 0.359375 0.195312 0.357812 0.196875 0.357812 0.198437 0.35625 0.2 0.35625 0.203125 0.354688 0.204688 0.354688 0.20625 0.351562 0.209375 0.346875 0.209375 0.346875 0.226562 0.354688 0.226562 0.35625 0.228125 0.357812 0.228125 0.3625 0.232812 0.3625 0.2375 0.360938 0.239063 0.360938 0.242188 0.357812 0.245312 0.357812 0.251563 0.360938 0.254687 0.370313 0.254687 0.371875 0.253125 0.373437 0.253125 0.375 0.251563 0.376563 0.251563 0.378125 0.25 0.379687 0.25 0.38125 0.251563 0.382812 0.251563 0.384375 0.253125 0.384375 0.260938 0.382812 0.2625 0.382812 0.264062 0.38125 0.265625 0.382812 0.267188 0.382812 0.270312 0.384375 0.271875 0.385938 0.271875 0.3875 0.273438 0.389062 0.273438 0.390625 0.275 0.392188 0.275 0.39375 0.276563 0.398438 0.276563 0.401563 0.273438 0.403125 0.273438 0.407813 0.26875 0.407813 0.267188 0.4125 0.2625 0.4125 0.260938 0.414062 0.259375 0.415625 0.259375 0.420312 0.264062 0.4375 0.264062 0.440625 0.260938 0.440625 0.25625 0.442187 0.254687 0.442187 0.234375 0.445312 0.23125 0.445312 0.228125 0.446875 0.226562 0.446875 0.221875 0.445312 0.220313 0.445312 0.21875 0.44375 0.217187 0.44375 0.215625 0.442187 0.214062 0.442187 0.209375 0.44375 0.207813 0.44375 0.2 0.445312 0.198437 0.445312 0.19375 0.446875 0.192188 0.446875 0.190625 0.448438 0.189063 0.446875 0.1875 0.446875 0.182812 0.440625 0.176563 0.4375 0.176563 0.432813 0.171875 0.432813 0.170312 0.43125 0.16875 0.417188 0.16875 0.415625 0.170312 0.414062 0.170312 0.4125 0.16875 0.410937 0.16875 0.409375 0.167187 0.407813 0.167187 0.40625 0.165625 0.40625 0.159375 0.850688
0 0.351562 0.453125 0.351562 0.457812 0.35 0.459375 0.348437 0.459375 0.346875 0.460938 0.345313 0.460938 0.34375 0.4625 0.342187 0.4625 0.340625 0.464063 0.3375 0.464063 0.335938 0.465625 0.334375 0.465625 0.332812 0.467187 0.33125 0.467187 0.31875 0.479688 0.317187 0.479688 0.317187 0.48125 0.315625 0.482812 0.315625 0.484375 0.3125 0.4875 0.3125 0.489062 0.309375 0.492188 0.303125 0.492188 0.303125 0.504687 0.307813 0.504687 0.317187 0.514063 0.317187 0.517187 0.315625 0.51875 0.315625 0.528125 0.317187 0.529688 0.317187 0.53125 0.320312 0.534375 0.321875 0.534375 0.329688 0.542188 0.33125 0.542188 0.332812 0.54375 0.335938 0.54375 0.3375 0.545313 0.340625 0.545313 0.342187 0.54375 0.346875 0.54375 0.353125 0.55 0.371875 0.55 0.373437 0.551562 0.375 0.551562 0.376563 0.553125 0.378125 0.551562 0.378125 0.545313 0.379687 0.54375 0.379687 0.540625 0.38125 0.539062 0.38125 0.5375 0.385938 0.532812 0.4 0.532812 0.401563 0.53125 0.403125 0.53125 0.407813 0.526563 0.407813 0.523438 0.409375 0.521875 0.407813 0.520312 0.407813 0.515625 0.40625 0.514063 0.40625 0.5125 0.403125 0.509375 0.403125 0.507812 0.401563 0.50625 0.401563 0.504687 0.4 0.503125 0.4 0.501562 0.395312 0.496875 0.395312 0.49375 0.401563 0.4875 0.403125 0.4875 0.404687 0.485938 0.40625 0.485938 0.407813 0.484375 0.409375 0.484375 0.409375 0.478125 0.401563 0.470313 0.390625 0.470313 0.382812 0.4625 0.382812 0.460938 0.379687 0.457812 0.379687 0.453125 0.850668
0 0.415625 0.0890625 0.420312 0.0890625 0.421875 0.0875 0.421875 0.0828125 0.420312 0.08125 0.415625 0.08125 0.415625 0.0890625 0.415625 0.096875 0.415625 0.160938 0.421875 0.160938 0.423438 0.159375 0.423438 0.157813 0.425 0.15625 0.425 0.154687 0.428125 0.151562 0.43125 0.151562 0.432813 0.15 0.445312 0.15 0.448438 0.153125 0.445312 0.15625 0.445312 0.159375 0.44375 0.160938 0.44375 0.1625 0.442187 0.164062 0.442187 0.167187 0.440625 0.16875 0.440625 0.170312 0.445312 0.175 0.448438 0.175 0.45 0.173438 0.453125 0.173438 0.464063 0.1625 0.465625 0.1625 0.46875 0.159375 0.470313 0.159375 0.473437 0.15625 0.475 0.15625 0.476562 0.154687 0.478125 0.154687 0.479688 0.15625 0.490625 0.15625 0.492188 0.154687 0.49375 0.154687 0.495313 0.153125 0.504687 0.153125 0.50625 0.154687 0.507812 0.154687 0.509375 0.15625 0.510938 0.15625 0.5125 0.157813 0.517187 0.157813 0.51875 0.15625 0.520312 0.15625 0.521875 0.154687 0.523438 0.154687 0.529688 0.148438 0.53125 0.148438 0.532812 0.146875 0.534375 0.146875 0.535937 0.145313 0.5375 0.145313 0.539062 0.14375 0.540625 0.14375 0.542188 0.142188 0.542188 0.140625 0.54375 0.139062 0.54375 0.132812 0.542188 0.13125 0.542188 0.125 0.54375 0.123438 0.54375 0.114063 0.540625 0.110937 0.5375 0.110937 0.535937 0.109375 0.53125 0.109375 0.528125 0.10625 0.528125 0.1 0.529688 0.0984375 0.529688 0.09375 0.53125 0.0921875 0.53125 0.090625 0.529688 0.0890625 0.529688 0.0875 0.528125 0.0875 0.526563 0.0859375 0.517187 0.0859375 0.515625 0.0875 0.5125 0.0875 0.509375 0.090625 0.507812 0.090625 0.501562 0.084375 0.501562 0.078125 0.498437 0.075 0.479688 0.075 0.478125 0.0734375 0.473437 0.0734375 0.471875 0.071875 0.465625 0.071875 0.464063 0.0703125 0.464063 0.065625 0.44375 0.065625 0.44375 0.071875 0.445312 0.0734375 0.445312 0.075 0.446875 0.0765625 0.446875 0.084375 0.445312 0.0859375 0.44375 0.0859375 0.440625 0.0890625 0.439063 0.0890625 0.435937 0.0921875 0.435937 0.09375 0.43125 0.0984375 0.429688 0.0984375 0.428125 0.1 0.425 0.1 0.423438 0.0984375 0.421875 0.0984375 0.420312 0.096875 0.415625 0.096875 0.850398
0 0.9375 0.284375 0.9375 0.290625 0.935938 0.292188 0.935938 0.295312 0.934375 0.296875 0.935938 0.298438 0.935938 0.303125 0.9375 0.304688 0.9375 0.30625 0.939062 0.307813 0.939062 0.314063 0.9375 0.315625 0.935938 0.315625 0.934375 0.317187 0.91875 0.317187 0.917188 0.31875 0.917188 0.320312 0.914062 0.323438 0.909375 0.323438 0.909375 0.332812 0.915625 0.332812 0.91875 0.335938 0.920313 0.335938 0.923437 0.339063 0.923437 0.340625 0.935938 0.353125 0.932813 0.35625 0.932813 0.357812 0.93125 0.359375 0.929688 0.359375 0.928125 0.360938 0.926562 0.360938 0.923437 0.364062 0.921875 0.364062 0.921875 0.376563 0.923437 0.376563 0.925 0.378125 0.935938 0.378125 0.9375 0.376563 0.939062 0.376563 0.940625 0.375 0.954687 0.375 0.95625 0.376563 0.9625 0.376563 0.964063 0.378125 0.975 0.378125 0.976562 0.376563 0.978125 0.376563 0.98125 0.373437 0.982813 0.373437 0.984375 0.371875 0.985937 0.371875 0.9875 0.370313 0.992188 0.370313 0.99375 0.371875 0.998438 0.371875 0.998438 0.284375 0.965625 0.284375 0.965625 0.289062 0.9625 0.292188 0.960938 0.292188 0.959375 0.29375 0.957812 0.292188 0.95625 0.292188 0.953125 0.289062 0.953125 0.284375 0.848599
0 0.757812 0.096875 0.753125 0.096875 0.753125 0.101562 0.757812 0.101562 0.757812 0.096875 0.757812 0.0046875 0.751562 0.0046875 0.75 0.003125 0.745313 0.003125 0.739062 0.0140625 0.735937 0.0140625 0.734375 0.0125 0.732813 0.0125 0.729688 0.009375 0.729688 0 0.715625 0 0.715625 0.0015625 0.714063 0.003125 0.7125 0.003125 0.710938 0.0015625 0.710938 0 0.65625 0 0.65625 0.0046875 0.654688 0.00625 0.654688 0.009375 0.653125 0.0109375 0.653125 0.0140625 0.651563 0.015625 0.651563 0.021875 0.648438 0.025 0.646875 0.025 0.645312 0.0265625 0.64375 0.0265625 0.642187 0.028125 0.640625 0.028125 0.639063 0.0296875 0.634375 0.0296875 0.634375 0.0484375 0.639063 0.0484375 0.645312 0.0546875 0.646875 0.0546875 0.651563 0.059375 0.651563 0.06875 0.653125 0.0703125 0.653125 0.0765625 0.654688 0.078125 0.654688 0.0828125 0.65625 0.084375 0.65625 0.0859375 0.657812 0.0875 0.659375 0.0875 0.660937 0.0890625 0.667188 0.0890625 0.66875 0.0875 0.671875 0.0875 0.673437 0.0859375 0.676562 0.0859375 0.678125 0.084375 0.682813 0.084375 0.684375 0.0828125 0.685938 0.084375 0.695312 0.084375 0.696875 0.0828125 0.704687 0.0828125 0.70625 0.084375 0.707812 0.084375 0.7125 0.0890625 0.717188 0.0890625 0.71875 0.0875 0.720312 0.0875 0.721875 0.0859375 0.725 0.0859375 0.726562 0.084375 0.728125 0.084375 0.729688 0.0828125 0.729688 0.08125 0.73125 0.0796875 0.73125 0.078125 0.734375 0.075 0.735937 0.075 0.7375 0.0734375 0.742188 0.0734375 0.74375 0.071875 0.745313 0.071875 0.746875 0.0703125 0.745313 0.06875 0.745313 0.0640625 0.74375 0.0625 0.74375 0.0515625 0.742188 0.05 0.742188 0.0453125 0.739062 0.0421875 0.739062 0.040625 0.7375 0.0390625 0.7375 0.0375 0.735937 0.0359375 0.735937 0.0296875 0.7375 0.028125 0.7375 0.0265625 0.740625 0.0234375 0.740625 0.015625 0.739062 0.0140625 0.745313 0.003125 0.745313 0 0.757812 0 0.757812 0.0046875 0.847364
0 0.478125 0.353125 0.478125 0.351562 0.476562 0.35 0.471875 0.35 0.471875 0.354688 0.476562 0.354688 0.478125 0.353125 0.484375 0.357812 0.485938 0.359375 0.4875 0.359375 0.489062 0.360938 0.49375 0.360938 0.495313 0.3625 0.5 0.3625 0.501562 0.364062 0.503125 0.364062 0.510938 0.371875 0.510938 0.373437 0.5125 0.373437 0.515625 0.376563 0.517187 0.376563 0.51875 0.378125 0.54375 0.378125 0.545313 0.376563 0.546875 0.376563 0.551562 0.371875 0.579687 0.371875 0.58125 0.370313 0.584375 0.370313 0.5875 0.367188 0.590625 0.367188 0.592188 0.365625 0.59375 0.365625 0.59375 0.360938 0.592188 0.359375 0.592188 0.35 0.59375 0.348437 0.59375 0.34375 0.595312 0.342187 0.595312 0.3375 0.596875 0.335938 0.596875 0.328125 0.598437 0.326562 0.598437 0.325 0.603125 0.320312 0.603125 0.31875 0.604688 0.317187 0.604688 0.315625 0.60625 0.314063 0.603125 0.310937 0.590625 0.310937 0.589063 0.309375 0.589063 0.307813 0.590625 0.30625 0.592188 0.30625 0.592188 0.304688 0.59375 0.303125 0.59375 0.301562 0.595312 0.3 0.596875 0.3 0.596875 0.298438 0.603125 0.292188 0.603125 0.284375 0.6 0.28125 0.598437 0.28125 0.596875 0.279687 0.592188 0.279687 0.590625 0.278125 0.5875 0.278125 0.585938 0.276563 0.576563 0.276563 0.571875 0.28125 0.564062 0.28125 0.5625 0.279687 0.560938 0.279687 0.559375 0.278125 0.559375 0.276563 0.557813 0.275 0.557813 0.271875 0.55625 0.270312 0.55625 0.26875 0.554688 0.267188 0.554688 0.265625 0.553125 0.264062 0.553125 0.259375 0.539062 0.259375 0.539062 0.265625 0.5375 0.267188 0.5375 0.270312 0.532812 0.275 0.53125 0.275 0.529688 0.276563 0.525 0.276563 0.523438 0.275 0.521875 0.275 0.520312 0.273438 0.51875 0.273438 0.517187 0.271875 0.5125 0.271875 0.510938 0.273438 0.509375 0.273438 0.50625 0.276563 0.504687 0.276563 0.501562 0.279687 0.501562 0.28125 0.5 0.282813 0.5 0.284375 0.498437 0.285937 0.498437 0.2875 0.495313 0.290625 0.495313 0.292188 0.490625 0.296875 0.484375 0.296875 0.482812 0.295312 0.478125 0.295312 0.476562 0.29375 0.471875 0.29375 0.471875 0.315625 0.476562 0.315625 0.479688 0.31875 0.479688 0.320312 0.48125 0.321875 0.48125 0.326562 0.479688 0.328125 0.479688 0.33125 0.478125 0.332812 0.478125 0.334375 0.479688 0.334375 0.48125 0.335938 0.482812 0.335938 0.485938 0.339063 0.485938 0.35 0.4875 0.351562 0.4875 0.353125 0.485938 0.354688 0.485938 0.35625 0.484375 0.357812 0.846104
0 0.645312 0.096875 0.640625 0.096875 0.645312 0.096875 0.657812 0.096875 0.659375 0.0984375 0.659375 0.104687 0.657812 0.10625 0.657812 0.1125 0.65625 0.114063 0.65625 0.115625 0.654688 0.117188 0.654688 0.11875 0.653125 0.120312 0.653125 0.128125 0.648438 0.132812 0.640625 0.132812 0.640625 0.153125 0.653125 0.153125 0.654688 0.154687 0.65625 0.154687 0.6625 0.160938 0.6625 0.1625 0.664062 0.164062 0.664062 0.167187 0.665625 0.16875 0.665625 0.170312 0.673437 0.178125 0.675 0.178125 0.676562 0.179688 0.679688 0.179688 0.68125 0.178125 0.689062 0.178125 0.690625 0.176563 0.695312 0.176563 0.696875 0.175 0.7 0.175 0.701563 0.173438 0.703125 0.173438 0.704687 0.175 0.70625 0.175 0.707812 0.176563 0.715625 0.176563 0.717188 0.175 0.71875 0.175 0.723437 0.170312 0.725 0.170312 0.728125 0.167187 0.729688 0.167187 0.73125 0.165625 0.74375 0.165625 0.745313 0.167187 0.746875 0.165625 0.748438 0.165625 0.75 0.164062 0.75 0.1625 0.751562 0.160938 0.751562 0.159375 0.753125 0.157813 0.753125 0.148438 0.751562 0.146875 0.751562 0.14375 0.75 0.142188 0.75 0.139062 0.753125 0.135937 0.754687 0.135937 0.7625 0.128125 0.7625 0.125 0.760938 0.123438 0.760938 0.121875 0.754687 0.115625 0.754687 0.1125 0.753125 0.110937 0.753125 0.103125 0.75 0.1 0.748438 0.1 0.745313 0.096875 0.74375 0.096875 0.742188 0.0953125 0.742188 0.09375 0.739062 0.090625 0.739062 0.0890625 0.732813 0.0828125 0.732813 0.078125 0.732813 0.0828125 0.729688 0.0859375 0.726562 0.0859375 0.725 0.0875 0.723437 0.0875 0.720312 0.090625 0.7125 0.090625 0.710938 0.0890625 0.709375 0.0890625 0.70625 0.0859375 0.704687 0.0859375 0.703125 0.084375 0.703125 0.078125 0.695312 0.078125 0.695312 0.0828125 0.69375 0.084375 0.690625 0.084375 0.689062 0.0859375 0.6875 0.0859375 0.685938 0.0875 0.684375 0.0875 0.682813 0.0890625 0.676562 0.0890625 0.675 0.090625 0.665625 0.090625 0.664062 0.0921875 0.6625 0.0921875 0.660937 0.09375 0.659375 0.09375 0.659375 0.0953125 0.657812 0.096875 0.843833
0 0.60625 0.0859375 0.604688 0.0875 0.603125 0.0875 0.601562 0.0890625 0.6 0.0890625 0.598437 0.090625 0.5875 0.090625 0.585938 0.0890625 0.584375 0.0890625 0.582812 0.0875 0.576563 0.0875 0.575 0.0890625 0.571875 0.0890625 0.570312 0.090625 0.56875 0.090625 0.559375 0.1 0.559375 0.101562 0.55625 0.104687 0.55625 0.10625 0.554688 0.107813 0.554688 0.115625 0.55 0.120312 0.548437 0.120312 0.548437 0.121875 0.545313 0.125 0.540625 0.125 0.540625 0.135937 0.545313 0.135937 0.548437 0.139062 0.548437 0.14375 0.55 0.145313 0.55 0.146875 0.548437 0.148438 0.548437 0.153125 0.55 0.154687 0.55 0.15625 0.551562 0.157813 0.551562 0.159375 0.553125 0.160938 0.553125 0.1625 0.55625 0.165625 0.55625 0.167187 0.557813 0.16875 0.557813 0.170312 0.559375 0.171875 0.560938 0.171875 0.564062 0.175 0.565625 0.175 0.575 0.184375 0.584375 0.184375 0.585938 0.182812 0.589063 0.182812 0.590625 0.18125 0.592188 0.18125 0.59375 0.179688 0.595312 0.179688 0.596875 0.178125 0.598437 0.178125 0.6 0.176563 0.603125 0.176563 0.604688 0.175 0.604688 0.173438 0.609375 0.16875 0.614062 0.16875 0.615625 0.167187 0.621875 0.167187 0.623438 0.165625 0.623438 0.164062 0.625 0.1625 0.625 0.159375 0.626562 0.157813 0.626562 0.15625 0.629687 0.153125 0.629687 0.151562 0.632812 0.148438 0.635938 0.148438 0.6375 0.15 0.639063 0.15 0.640625 0.151562 0.646875 0.151562 0.646875 0.148438 0.648438 0.146875 0.646875 0.145313 0.646875 0.14375 0.645312 0.142188 0.645312 0.139062 0.64375 0.1375 0.64375 0.132812 0.645312 0.13125 0.645312 0.128125 0.65 0.123438 0.651563 0.123438 0.653125 0.121875 0.653125 0.11875 0.651563 0.117188 0.651563 0.096875 0.646875 0.0921875 0.645312 0.0921875 0.64375 0.09375 0.640625 0.09375 0.635938 0.0984375 0.634375 0.0984375 0.632812 0.1 0.63125 0.1 0.628125 0.103125 0.626562 0.103125 0.625 0.101562 0.625 0.0984375 0.623438 0.096875 0.623438 0.0875 0.621875 0.0859375 0.843726
0 0.445312 0.265625 0.445312 0.270312 0.442187 0.273438 0.440625 0.273438 0.439063 0.275 0.43125 0.275 0.429688 0.273438 0.409375 0.273438 0.407813 0.275 0.40625 0.275 0.404687 0.276563 0.401563 0.276563 0.4 0.278125 0.398438 0.278125 0.395312 0.28125 0.392188 0.28125 0.390625 0.282813 0.382812 0.282813 0.38125 0.28125 0.378125 0.28125 0.376563 0.282813 0.375 0.282813 0.375 0.298438 0.373437 0.3 0.373437 0.301562 0.371875 0.303125 0.370313 0.303125 0.36875 0.304688 0.367188 0.304688 0.364062 0.307813 0.364062 0.309375 0.3625 0.310937 0.3625 0.314063 0.360938 0.315625 0.360938 0.325 0.364062 0.328125 0.365625 0.328125 0.371875 0.334375 0.371875 0.3375 0.373437 0.339063 0.373437 0.340625 0.371875 0.342187 0.371875 0.348437 0.373437 0.35 0.373437 0.35625 0.375 0.357812 0.375 0.359375 0.376563 0.360938 0.378125 0.360938 0.379687 0.3625 0.382812 0.3625 0.384375 0.364062 0.398438 0.364062 0.409375 0.375 0.410937 0.373437 0.414062 0.373437 0.415625 0.375 0.429688 0.375 0.43125 0.373437 0.432813 0.373437 0.434375 0.371875 0.439063 0.371875 0.440625 0.370313 0.445312 0.370313 0.446875 0.36875 0.448438 0.36875 0.45625 0.360938 0.471875 0.360938 0.473437 0.359375 0.476562 0.359375 0.478125 0.357812 0.478125 0.353125 0.476562 0.351562 0.476562 0.35 0.475 0.348437 0.475 0.329688 0.473437 0.328125 0.473437 0.31875 0.475 0.317187 0.475 0.315625 0.476562 0.314063 0.476562 0.309375 0.473437 0.30625 0.46875 0.30625 0.467187 0.304688 0.459375 0.304688 0.45625 0.301562 0.45625 0.3 0.454688 0.298438 0.454688 0.278125 0.453125 0.276563 0.453125 0.275 0.451562 0.273438 0.45 0.273438 0.448438 0.271875 0.446875 0.271875 0.445312 0.270312 0.838742
0 0.235938 0.003125 0.235938 0.0078125 0.232812 0.0109375 0.229687 0.0109375 0.228125 0.0125 0.226562 0.0125 0.225 0.0140625 0.223438 0.0140625 0.221875 0.015625 0.209375 0.015625 0.209375 0.065625 0.214062 0.065625 0.215625 0.0671875 0.215625 0.0703125 0.217187 0.071875 0.217187 0.0734375 0.21875 0.075 0.21875 0.0765625 0.220313 0.078125 0.220313 0.0796875 0.221875 0.08125 0.221875 0.0828125 0.226562 0.0875 0.229687 0.0875 0.23125 0.0890625 0.248437 0.0890625 0.25 0.090625 0.260938 0.090625 0.2625 0.0890625 0.28125 0.0890625 0.282813 0.0875 0.296875 0.0875 0.303125 0.09375 0.304688 0.09375 0.30625 0.0953125 0.314063 0.0953125 0.314063 0.090625 0.310937 0.0875 0.310937 0.0859375 0.309375 0.084375 0.309375 0.0828125 0.298438 0.071875 0.298438 0.0640625 0.296875 0.0625 0.296875 0.05625 0.295312 0.0546875 0.295312 0.046875 0.296875 0.0453125 0.296875 0.0421875 0.298438 0.040625 0.298438 0.0328125 0.290625 0.025 0.2875 0.025 0.285937 0.0234375 0.282813 0.0234375 0.28125 0.021875 0.28125 0.0125 0.282813 0.0109375 0.282813 0.003125 0.260938 0.003125 0.260938 0.0078125 0.257812 0.0109375 0.254687 0.0078125 0.254687 0.003125 0.838241
0 0.753125 0.459375 0.753125 0.465625 0.751562 0.467187 0.751562 0.46875 0.75 0.470313 0.75 0.471875 0.740625 0.48125 0.734375 0.48125 0.734375 0.4875 0.742188 0.4875 0.745313 0.490625 0.745313 0.49375 0.74375 0.495313 0.74375 0.496875 0.739062 0.501562 0.734375 0.501562 0.734375 0.520312 0.742188 0.520312 0.74375 0.521875 0.746875 0.521875 0.748438 0.523438 0.748438 0.525 0.75 0.526563 0.75 0.532812 0.748438 0.534375 0.748438 0.535937 0.74375 0.540625 0.74375 0.551562 0.745313 0.553125 0.754687 0.553125 0.75625 0.551562 0.75625 0.55 0.757812 0.548437 0.759375 0.548437 0.760938 0.55 0.760938 0.551562 0.765625 0.55625 0.765625 0.557813 0.771875 0.564062 0.78125 0.564062 0.782812 0.565625 0.785937 0.565625 0.7875 0.567187 0.790625 0.567187 0.792188 0.56875 0.796875 0.56875 0.798437 0.567187 0.803125 0.567187 0.804688 0.565625 0.810938 0.565625 0.81875 0.557813 0.81875 0.553125 0.821875 0.55 0.823438 0.55 0.828125 0.545313 0.828125 0.54375 0.829687 0.542188 0.829687 0.534375 0.835938 0.528125 0.835938 0.525 0.8375 0.523438 0.8375 0.521875 0.835938 0.520312 0.835938 0.51875 0.832812 0.515625 0.832812 0.514063 0.829687 0.510938 0.829687 0.509375 0.828125 0.507812 0.829687 0.50625 0.829687 0.501562 0.832812 0.498437 0.832812 0.495313 0.834375 0.49375 0.834375 0.492188 0.835938 0.490625 0.835938 0.489062 0.8375 0.4875 0.8375 0.485938 0.839063 0.484375 0.839063 0.482812 0.832812 0.476562 0.829687 0.476562 0.828125 0.475 0.826563 0.475 0.825 0.473437 0.823438 0.473437 0.81875 0.46875 0.817187 0.46875 0.815625 0.467187 0.801562 0.467187 0.798437 0.464063 0.798437 0.459375 0.779688 0.459375 0.779688 0.465625 0.778125 0.467187 0.776563 0.467187 0.775 0.46875 0.773438 0.46875 0.771875 0.470313 0.765625 0.464063 0.765625 0.459375 0.831529
0 0.55625 0.465625 0.55625 0.470313 0.554688 0.471875 0.553125 0.471875 0.54375 0.48125 0.5375 0.48125 0.535937 0.479688 0.534375 0.479688 0.532812 0.478125 0.53125 0.478125 0.529688 0.476562 0.528125 0.476562 0.526563 0.475 0.525 0.475 0.523438 0.476562 0.51875 0.476562 0.517187 0.478125 0.517187 0.479688 0.515625 0.48125 0.515625 0.485938 0.517187 0.4875 0.517187 0.495313 0.515625 0.496875 0.515625 0.498437 0.514063 0.5 0.509375 0.5 0.509375 0.51875 0.514063 0.51875 0.517187 0.521875 0.517187 0.534375 0.51875 0.535937 0.51875 0.5375 0.521875 0.540625 0.523438 0.540625 0.526563 0.54375 0.529688 0.54375 0.53125 0.545313 0.534375 0.545313 0.535937 0.546875 0.5375 0.546875 0.539062 0.548437 0.540625 0.548437 0.545313 0.553125 0.545313 0.554688 0.55 0.559375 0.55 0.560938 0.551562 0.5625 0.551562 0.570312 0.557813 0.570312 0.557813 0.564062 0.560938 0.560938 0.5625 0.560938 0.564062 0.559375 0.567187 0.559375 0.56875 0.557813 0.570312 0.557813 0.576563 0.551562 0.576563 0.55 0.582812 0.54375 0.584375 0.54375 0.589063 0.539062 0.589063 0.5375 0.590625 0.535937 0.590625 0.534375 0.592188 0.532812 0.592188 0.525 0.590625 0.523438 0.590625 0.521875 0.59375 0.51875 0.595312 0.51875 0.596875 0.517187 0.598437 0.517187 0.60625 0.509375 0.60625 0.5 0.604688 0.498437 0.604688 0.495313 0.603125 0.49375 0.603125 0.489062 0.601562 0.4875 0.601562 0.484375 0.6 0.482812 0.598437 0.482812 0.596875 0.48125 0.595312 0.48125 0.59375 0.479688 0.590625 0.479688 0.5875 0.476562 0.5875 0.475 0.582812 0.470313 0.582812 0.465625 0.830782
0 0.315625 0.371875 0.315625 0.376563 0.3125 0.379687 0.309375 0.379687 0.307813 0.38125 0.304688 0.38125 0.301562 0.384375 0.3 0.384375 0.298438 0.385938 0.295312 0.385938 0.29375 0.3875 0.292188 0.3875 0.289062 0.390625 0.289062 0.392188 0.2875 0.39375 0.2875 0.395312 0.285937 0.396875 0.285937 0.401563 0.284375 0.403125 0.284375 0.404687 0.282813 0.40625 0.278125 0.40625 0.278125 0.4375 0.282813 0.4375 0.285937 0.440625 0.285937 0.453125 0.2875 0.454688 0.2875 0.45625 0.289062 0.457812 0.296875 0.457812 0.298438 0.45625 0.301562 0.45625 0.303125 0.457812 0.304688 0.457812 0.30625 0.459375 0.307813 0.459375 0.315625 0.467187 0.31875 0.467187 0.320312 0.46875 0.321875 0.46875 0.323438 0.467187 0.326562 0.467187 0.328125 0.465625 0.332812 0.465625 0.334375 0.464063 0.3375 0.464063 0.339063 0.4625 0.340625 0.4625 0.342187 0.460938 0.345313 0.460938 0.346875 0.459375 0.35 0.459375 0.353125 0.45625 0.353125 0.453125 0.354688 0.451562 0.354688 0.45 0.35625 0.448438 0.35625 0.446875 0.357812 0.445312 0.364062 0.445312 0.365625 0.446875 0.376563 0.446875 0.379687 0.44375 0.379687 0.440625 0.38125 0.439063 0.379687 0.4375 0.379687 0.434375 0.378125 0.432813 0.378125 0.43125 0.375 0.428125 0.375 0.426562 0.371875 0.423438 0.371875 0.41875 0.379687 0.410937 0.38125 0.410937 0.384375 0.407813 0.389062 0.407813 0.389062 0.40625 0.384375 0.40625 0.382812 0.404687 0.382812 0.403125 0.378125 0.398438 0.378125 0.396875 0.376563 0.396875 0.375 0.395312 0.373437 0.395312 0.371875 0.39375 0.36875 0.39375 0.367188 0.392188 0.3625 0.392188 0.360938 0.390625 0.357812 0.390625 0.353125 0.385938 0.351562 0.385938 0.346875 0.38125 0.346875 0.379687 0.34375 0.376563 0.34375 0.371875 0.830121
0 0.920313 0.090625 0.920313 0.096875 0.914062 0.103125 0.9125 0.103125 0.910937 0.104687 0.904688 0.104687 0.903125 0.103125 0.9 0.103125 0.898438 0.101562 0.895312 0.101562 0.89375 0.103125 0.892187 0.103125 0.890625 0.104687 0.889063 0.103125 0.8875 0.103125 0.885938 0.101562 0.882812 0.101562 0.88125 0.1 0.878125 0.1 0.876562 0.101562 0.876562 0.103125 0.875 0.104687 0.875 0.10625 0.873438 0.107813 0.873438 0.109375 0.86875 0.114063 0.865625 0.114063 0.864062 0.115625 0.846875 0.115625 0.846875 0.148438 0.853125 0.148438 0.865625 0.160938 0.865625 0.164062 0.867188 0.165625 0.867188 0.173438 0.86875 0.175 0.86875 0.179688 0.870313 0.18125 0.870313 0.182812 0.871875 0.184375 0.88125 0.184375 0.882812 0.182812 0.895312 0.182812 0.896875 0.184375 0.896875 0.185937 0.9 0.189063 0.90625 0.189063 0.907812 0.1875 0.909375 0.1875 0.910937 0.185937 0.914062 0.185937 0.915625 0.184375 0.917188 0.184375 0.91875 0.182812 0.920313 0.182812 0.921875 0.18125 0.921875 0.179688 0.923437 0.178125 0.923437 0.176563 0.928125 0.171875 0.929688 0.171875 0.934375 0.167187 0.935938 0.167187 0.94375 0.159375 0.94375 0.15625 0.945312 0.154687 0.945312 0.151562 0.948438 0.148438 0.948438 0.14375 0.946875 0.142188 0.946875 0.140625 0.94375 0.1375 0.94375 0.13125 0.946875 0.128125 0.948438 0.128125 0.948438 0.123438 0.95 0.121875 0.948438 0.120312 0.948438 0.114063 0.946875 0.1125 0.945312 0.1125 0.94375 0.110937 0.942187 0.110937 0.940625 0.109375 0.939062 0.109375 0.9375 0.107813 0.935938 0.107813 0.923437 0.0953125 0.923437 0.090625 0.82203
0 0.703125 0.459375 0.703125 0.464063 0.701563 0.465625 0.701563 0.467187 0.7 0.46875 0.698438 0.46875 0.696875 0.470313 0.692187 0.470313 0.690625 0.46875 0.689062 0.46875 0.6875 0.470313 0.682813 0.470313 0.68125 0.471875 0.68125 0.473437 0.679688 0.475 0.679688 0.489062 0.676562 0.492188 0.673437 0.492188 0.671875 0.49375 0.665625 0.49375 0.665625 0.521875 0.670313 0.521875 0.673437 0.525 0.673437 0.529688 0.675 0.53125 0.675 0.5375 0.676562 0.539062 0.676562 0.540625 0.678125 0.542188 0.679688 0.542188 0.682813 0.545313 0.684375 0.545313 0.685938 0.546875 0.689062 0.546875 0.690625 0.548437 0.692187 0.548437 0.69375 0.55 0.695312 0.55 0.696875 0.551562 0.698438 0.551562 0.7 0.553125 0.701563 0.553125 0.703125 0.554688 0.714063 0.554688 0.715625 0.553125 0.720312 0.553125 0.721875 0.551562 0.723437 0.551562 0.729688 0.545313 0.73125 0.545313 0.734375 0.542188 0.735937 0.542188 0.7375 0.540625 0.739062 0.540625 0.742188 0.5375 0.742188 0.535937 0.74375 0.534375 0.74375 0.532812 0.742188 0.53125 0.742188 0.529688 0.740625 0.528125 0.740625 0.526563 0.745313 0.521875 0.745313 0.51875 0.746875 0.517187 0.746875 0.514063 0.748438 0.5125 0.748438 0.50625 0.75 0.504687 0.75 0.495313 0.748438 0.49375 0.748438 0.4875 0.746875 0.485938 0.746875 0.482812 0.745313 0.48125 0.74375 0.48125 0.742188 0.479688 0.7375 0.479688 0.735937 0.478125 0.732813 0.478125 0.73125 0.476562 0.729688 0.476562 0.725 0.471875 0.725 0.470313 0.721875 0.467187 0.721875 0.465625 0.720312 0.464063 0.720312 0.459375 0.821721
1 0.0140625 0.690625 0.0140625 0.696875 0.0125 0.698438 0.0125 0.7 0.009375 0.703125 0.003125 0.703125 0.003125 0.864062 0.009375 0.864062 0.0109375 0.865625 0.0109375 0.867188 0.0125 0.86875 0.0125 0.879687 0.0109375 0.88125 0.0109375 0.882812 0.009375 0.884375 0.009375 0.885938 0.0078125 0.8875 0.003125 0.8875 0.003125 0.998438 0.25625 0.998438 0.25625 0.992188 0.254687 0.990625 0.254687 0.9875 0.253125 0.985937 0.253125 0.984375 0.245312 0.976562 0.245312 0.975 0.24375 0.973437 0.24375 0.965625 0.242188 0.964063 0.242188 0.959375 0.240625 0.957812 0.240625 0.953125 0.239063 0.951563 0.239063 0.95 0.2375 0.948438 0.2375 0.946875 0.232812 0.942187 0.232812 0.940625 0.23125 0.939062 0.23125 0.935938 0.229687 0.934375 0.229687 0.93125 0.228125 0.929688 0.228125 0.91875 0.226562 0.917188 0.226562 0.915625 0.223438 0.915625 0.220313 0.9125 0.220313 0.910937 0.21875 0.909375 0.21875 0.907812 0.217187 0.90625 0.217187 0.904688 0.215625 0.903125 0.215625 0.9 0.214062 0.898438 0.214062 0.89375 0.2125 0.892187 0.2125 0.890625 0.210938 0.889063 0.210938 0.885938 0.209375 0.884375 0.209375 0.882812 0.207813 0.88125 0.207813 0.879687 0.20625 0.878125 0.20625 0.873438 0.204688 0.871875 0.204688 0.860937 0.20625 0.859375 0.20625 0.829687 0.207813 0.828125 0.207813 0.817187 0.209375 0.815625 0.209375 0.810938 0.210938 0.809375 0.210938 0.80625 0.2125 0.804688 0.2125 0.798437 0.210938 0.796875 0.210938 0.79375 0.2125 0.792188 0.2125 0.785937 0.214062 0.784375 0.214062 0.779688 0.215625 0.778125 0.215625 0.776563 0.21875 0.773438 0.21875 0.771875 0.220313 0.770312 0.220313 0.76875 0.225 0.764063 0.225 0.7625 0.226562 0.760938 0.226562 0.75625 0.228125 0.754687 0.228125 0.751562 0.229687 0.75 0.229687 0.732813 0.228125 0.73125 0.228125 0.729688 0.223438 0.725 0.221875 0.725 0.220313 0.723437 0.214062 0.723437 0.2125 0.721875 0.207813 0.721875 0.20625 0.720312 0.201562 0.720312 0.2 0.71875 0.195312 0.71875 0.19375 0.717188 0.192188 0.717188 0.179688 0.704687 0.178125 0.704687 0.176563 0.703125 0.173438 0.703125 0.171875 0.701563 0.170312 0.701563 0.167187 0.698438 0.165625 0.698438 0.164062 0.696875 0.164062 0.690625 0.10625 0.690625 0.10625 0.695312 0.103125 0.698438 0.1 0.698438 0.0984375 0.7 0.0921875 0.7 0.090625 0.701563 0.078125 0.701563 0.0765625 0.703125 0.075 0.703125 0.0734375 0.704687 0.0703125 0.704687 0.06875 0.70625 0.0640625 0.70625 0.0625 0.707812 0.0546875 0.707812 0.053125 0.70625 0.0484375 0.70625 0.046875 0.704687 0.0453125 0.704687 0.040625 0.7 0.040625 0.698438 0.0375 0.695312 0.0375 0.690625 0.809706
0 0.970312 0.084375 0.970312 0.0890625 0.96875 0.090625 0.96875 0.0921875 0.967188 0.09375 0.967188 0.096875 0.965625 0.0984375 0.953125 0.0984375 0.95 0.101562 0.95 0.103125 0.951563 0.104687 0.951563 0.107813 0.95625 0.1125 0.95625 0.115625 0.957812 0.117188 0.957812 0.11875 0.959375 0.120312 0.959375 0.121875 0.953125 0.128125 0.95 0.128125 0.948438 0.129688 0.940625 0.129688 0.940625 0.14375 0.945312 0.14375 0.946875 0.145313 0.948438 0.145313 0.953125 0.15 0.953125 0.15625 0.951563 0.157813 0.951563 0.165625 0.953125 0.167187 0.954687 0.167187 0.95625 0.16875 0.957812 0.16875 0.959375 0.170312 0.967188 0.170312 0.96875 0.171875 0.970312 0.171875 0.976562 0.178125 0.976562 0.179688 0.978125 0.18125 0.978125 0.184375 0.982813 0.189063 0.984375 0.189063 0.985937 0.190625 0.9875 0.190625 0.989062 0.192188 0.990625 0.192188 0.995313 0.196875 0.995313 0.198437 0.996875 0.2 0.996875 0.201562 0.998438 0.201562 0.998438 0.084375 0.785342
0 0.989062 0.471875 0.989062 0.476562 0.984375 0.48125 0.976562 0.48125 0.975 0.482812 0.970312 0.482812 0.960938 0.492188 0.960938 0.495313 0.957812 0.498437 0.95625 0.498437 0.954687 0.5 0.946875 0.5 0.946875 0.51875 0.954687 0.51875 0.95625 0.520312 0.959375 0.520312 0.9625 0.523438 0.964063 0.523438 0.967188 0.526563 0.967188 0.528125 0.965625 0.529688 0.965625 0.532812 0.964063 0.534375 0.964063 0.535937 0.9625 0.5375 0.9625 0.539062 0.960938 0.540625 0.960938 0.54375 0.959375 0.545313 0.959375 0.546875 0.960938 0.548437 0.960938 0.553125 0.9625 0.554688 0.9625 0.55625 0.965625 0.559375 0.967188 0.559375 0.96875 0.560938 0.970312 0.560938 0.971875 0.5625 0.973437 0.5625 0.975 0.564062 0.976562 0.564062 0.978125 0.565625 0.984375 0.565625 0.985937 0.567187 0.998438 0.567187 0.998438 0.471875 0.763993
0 0.265625 0.003125 0.265625 0.009375 0.267188 0.009375 0.26875 0.0109375 0.284375 0.0109375 0.2875 0.0140625 0.289062 0.0140625 0.290625 0.015625 0.295312 0.015625 0.295312 0.0140625 0.296875 0.0125 0.296875 0.003125 0.652091
0 0.409375 0.003125 0.409375 0.01875 0.415625 0.01875 0.417188 0.0171875 0.423438 0.0171875 0.428125 0.021875 0.428125 0.0234375 0.426562 0.025 0.426562 0.028125 0.428125 0.0296875 0.428125 0.0328125 0.429688 0.034375 0.434375 0.034375 0.4375 0.03125 0.4375 0.0296875 0.445312 0.021875 0.446875 0.021875 0.448438 0.0234375 0.451562 0.0234375 0.453125 0.025 0.454688 0.025 0.45625 0.0265625 0.476562 0.0265625 0.478125 0.025 0.478125 0.021875 0.479688 0.0203125 0.479688 0.0109375 0.478125 0.009375 0.478125 0.003125 0.608616
