1 0.38125 0.0109375 0.38125 0.0171875 0.379687 0.01875 0.379687 0.0265625 0.376563 0.0296875 0.376563 0.03125 0.375 0.0328125 0.375 0.0484375 0.373437 0.05 0.373437 0.0609375 0.375 0.0625 0.375 0.065625 0.376563 0.0671875 0.376563 0.06875 0.379687 0.071875 0.379687 0.0734375 0.382812 0.0765625 0.382812 0.078125 0.3875 0.0828125 0.3875 0.084375 0.392188 0.0890625 0.392188 0.090625 0.4 0.0984375 0.4 0.1 0.403125 0.103125 0.403125 0.104687 0.404687 0.10625 0.404687 0.107813 0.407813 0.110937 0.407813 0.1125 0.410937 0.115625 0.410937 0.117188 0.415625 0.121875 0.417188 0.121875 0.41875 0.123438 0.420312 0.123438 0.421875 0.125 0.428125 0.125 0.429688 0.123438 0.43125 0.123438 0.432813 0.121875 0.439063 0.121875 0.440625 0.123438 0.442187 0.123438 0.44375 0.125 0.445312 0.125 0.448438 0.128125 0.45 0.128125 0.451562 0.129688 0.454688 0.129688 0.45625 0.13125 0.470313 0.13125 0.471875 0.129688 0.473437 0.129688 0.475 0.128125 0.478125 0.128125 0.479688 0.126563 0.482812 0.126563 0.489062 0.120312 0.496875 0.120312 0.503125 0.114063 0.509375 0.114063 0.510938 0.1125 0.523438 0.1125 0.525 0.110937 0.546875 0.110937 0.548437 0.109375 0.551562 0.109375 0.553125 0.107813 0.560938 0.107813 0.578125 0.090625 0.579687 0.090625 0.582812 0.0875 0.59375 0.0875 0.595312 0.0859375 0.601562 0.0859375 0.603125 0.084375 0.607813 0.084375 0.609375 0.0828125 0.610937 0.0828125 0.6125 0.08125 0.614062 0.08125 0.617188 0.078125 0.61875 0.078125 0.625 0.071875 0.625 0.0703125 0.632812 0.0625 0.640625 0.0625 0.642187 0.0609375 0.64375 0.0609375 0.645312 0.059375 0.646875 0.059375 0.648438 0.0578125 0.65 0.0578125 0.65 0.05625 0.651563 0.0546875 0.651563 0.05 0.65 0.0484375 0.65 0.046875 0.642187 0.0390625 0.642187 0.0359375 0.640625 0.034375 0.640625 0.0265625 0.6375 0.0234375 0.6375 0.021875 0.634375 0.01875 0.632812 0.01875 0.629687 0.015625 0.628125 0.015625 0.626562 0.0140625 0.623438 0.0140625 0.620313 0.0109375 0.61875 0.0109375 0.617188 0.009375 0.617188 0.003125 0.50625 0.003125 0.50625 0.0078125 0.495313 0.01875 0.49375 0.01875 0.490625 0.021875 0.489062 0.021875 0.484375 0.0265625 0.482812 0.0265625 0.476562 0.0328125 0.464063 0.0328125 0.4625 0.034375 0.457812 0.034375 0.45625 0.0359375 0.454688 0.0359375 0.453125 0.0375 0.451562 0.0375 0.434375 0.0203125 0.432813 0.0203125 0.429688 0.0171875 0.428125 0.0171875 0.425 0.0140625 0.425 0.0125 0.423438 0.0109375 0.423438 0.009375 0.421875 0.0078125 0.421875 0.003125 0.382812 0.003125 0.382812 0.009375 0.38125 0.0109375 0.371875 0.0078125 0.371875 0.003125 0.365625 0.003125 0.365625 0.009375 0.370313 0.009375 0.371875 0.0078125 0.811912
0 0.196875 0.671875 0.196875 0.704687 0.203125 0.704687 0.204688 0.70625 0.209375 0.70625 0.210938 0.704687 0.215625 0.704687 0.217187 0.703125 0.21875 0.703125 0.220313 0.701563 0.221875 0.701563 0.223438 0.7 0.225 0.7 0.228125 0.696875 0.232812 0.696875 0.232812 0.68125 0.228125 0.68125 0.225 0.678125 0.225 0.671875 0.794296
0 0.409375 0.459375 0.409375 0.48125 0.417188 0.48125 0.420312 0.484375 0.420312 0.489062 0.434375 0.489062 0.434375 0.484375 0.4375 0.48125 0.439063 0.48125 0.44375 0.476562 0.44375 0.473437 0.446875 0.470313 0.451562 0.470313 0.446875 0.470313 0.445312 0.46875 0.445312 0.459375 0.745953
0 0.496875 0.403125 0.496875 0.434375 0.503125 0.434375 0.504687 0.435937 0.50625 0.435937 0.509375 0.439063 0.509375 0.445312 0.521875 0.445312 0.521875 0.440625 0.526563 0.435937 0.528125 0.435937 0.534375 0.429688 0.539062 0.429688 0.539062 0.417188 0.532812 0.417188 0.53125 0.415625 0.53125 0.414062 0.525 0.407813 0.525 0.403125 0.67843
0 0.871875 0.359375 0.871875 0.38125 0.878125 0.38125 0.879687 0.382812 0.88125 0.382812 0.882812 0.384375 0.885938 0.384375 0.8875 0.385938 0.904688 0.385938 0.90625 0.384375 0.914062 0.384375 0.914062 0.367188 0.907812 0.367188 0.90625 0.365625 0.90625 0.359375 0.669865
0 0.907812 0.178125 0.907812 0.184375 0.904688 0.1875 0.904688 0.189063 0.901563 0.192188 0.896875 0.192188 0.896875 0.223438 0.910937 0.223438 0.914062 0.226562 0.915625 0.226562 0.91875 0.229687 0.920313 0.229687 0.921875 0.23125 0.926562 0.23125 0.928125 0.232812 0.93125 0.232812 0.932813 0.234375 0.932813 0.239063 0.934375 0.239063 0.934375 0.234375 0.935938 0.232812 0.939062 0.232812 0.940625 0.23125 0.94375 0.23125 0.945312 0.229687 0.946875 0.229687 0.948438 0.228125 0.95 0.228125 0.951563 0.226562 0.953125 0.226562 0.959375 0.220313 0.959375 0.21875 0.9625 0.215625 0.9625 0.204688 0.960938 0.203125 0.960938 0.198437 0.959375 0.196875 0.959375 0.195312 0.957812 0.19375 0.957812 0.192188 0.95625 0.190625 0.95625 0.189063 0.95 0.182812 0.95 0.178125 0.669605
0 0.640625 0.396875 0.640625 0.432813 0.659375 0.432813 0.659375 0.426562 0.664062 0.421875 0.664062 0.420312 0.665625 0.41875 0.670313 0.41875 0.670313 0.404687 0.665625 0.404687 0.664062 0.403125 0.664062 0.396875 0.666893
0 0.459375 0.428125 0.459375 0.46875 0.465625 0.46875 0.467187 0.470313 0.46875 0.470313 0.470313 0.471875 0.471875 0.471875 0.476562 0.476562 0.476562 0.478125 0.478125 0.478125 0.484375 0.484375 0.485938 0.484375 0.4875 0.485938 0.489062 0.485938 0.490625 0.4875 0.495313 0.4875 0.496875 0.485938 0.5 0.485938 0.501562 0.484375 0.509375 0.484375 0.510938 0.482812 0.514063 0.482812 0.515625 0.48125 0.515625 0.479688 0.517187 0.478125 0.517187 0.476562 0.51875 0.475 0.51875 0.471875 0.520312 0.470313 0.51875 0.46875 0.51875 0.459375 0.517187 0.457812 0.517187 0.45625 0.515625 0.454688 0.515625 0.453125 0.514063 0.451562 0.514063 0.45 0.5125 0.448438 0.5125 0.446875 0.507812 0.442187 0.50625 0.442187 0.498437 0.434375 0.498437 0.428125 0.650915
0 0.234375 0.965625 0.234375 0.989062 0.248437 0.989062 0.248437 0.982813 0.251563 0.979688 0.257812 0.979688 0.257812 0.965625 0.634929
0 0.053125 0.340625 0.053125 0.365625 0.0578125 0.365625 0.059375 0.367188 0.0609375 0.367188 0.0640625 0.370313 0.065625 0.370313 0.0671875 0.371875 0.0671875 0.376563 0.0734375 0.376563 0.0734375 0.371875 0.075 0.370313 0.0765625 0.370313 0.078125 0.36875 0.0796875 0.36875 0.08125 0.367188 0.0828125 0.367188 0.0859375 0.364062 0.0875 0.364062 0.0890625 0.3625 0.0953125 0.3625 0.0953125 0.340625 0.616668
0 0.540625 0.884375 0.540625 0.90625 0.55 0.90625 0.551562 0.907812 0.553125 0.907812 0.554688 0.90625 0.557813 0.90625 0.559375 0.904688 0.560938 0.904688 0.564062 0.901563 0.570312 0.901563 0.570312 0.884375 0.60831
0 0.171875 0.671875 0.171875 0.701563 0.185937 0.701563 0.185937 0.696875 0.189063 0.69375 0.190625 0.69375 0.19375 0.690625 0.19375 0.6875 0.196875 0.684375 0.201562 0.684375 0.201562 0.671875 0.597799
1 0.928125 0.578125 0.928125 0.598437 0.934375 0.598437 0.935938 0.6 0.9375 0.6 0.942187 0.604688 0.94375 0.604688 0.946875 0.607813 0.95 0.607813 0.951563 0.609375 0.953125 0.609375 0.954687 0.610937 0.95625 0.610937 0.957812 0.6125 0.959375 0.6125 0.960938 0.614062 0.960938 0.615625 0.964063 0.61875 0.965625 0.61875 0.96875 0.621875 0.96875 0.626562 0.971875 0.626562 0.971875 0.621875 0.975 0.61875 0.976562 0.61875 0.985937 0.609375 0.992188 0.609375 0.99375 0.607813 0.998438 0.607813 0.998438 0.595312 0.9875 0.595312 0.985937 0.59375 0.984375 0.59375 0.98125 0.590625 0.979688 0.590625 0.978125 0.589063 0.970312 0.589063 0.96875 0.5875 0.967188 0.5875 0.965625 0.585938 0.964063 0.585938 0.960938 0.582812 0.960938 0.578125 0.579217
0 0.965625 0.490625 0.965625 0.517187 0.971875 0.517187 0.973437 0.51875 0.975 0.51875 0.976562 0.520312 0.984375 0.520312 0.9875 0.517187 0.989062 0.517187 0.992188 0.514063 0.99375 0.514063 0.99375 0.5125 0.995313 0.510938 0.998438 0.510938 0.998438 0.5 0.996875 0.5 0.99375 0.496875 0.99375 0.490625 0.570931
0 0.453125 0.665625 0.453125 0.685938 0.459375 0.685938 0.460938 0.6875 0.465625 0.6875 0.467187 0.685938 0.46875 0.685938 0.470313 0.684375 0.471875 0.684375 0.478125 0.678125 0.482812 0.678125 0.482812 0.665625 0.568311
1 0.373437 0.684375 0.373437 0.690625 0.371875 0.692187 0.370313 0.692187 0.367188 0.695312 0.365625 0.695312 0.364062 0.696875 0.359375 0.696875 0.359375 0.725 0.365625 0.725 0.367188 0.726562 0.36875 0.726562 0.370313 0.728125 0.371875 0.728125 0.375 0.73125 0.376563 0.73125 0.378125 0.732813 0.38125 0.732813 0.382812 0.734375 0.384375 0.734375 0.385938 0.735937 0.396875 0.735937 0.398438 0.734375 0.401563 0.734375 0.403125 0.732813 0.404687 0.732813 0.410937 0.726562 0.410937 0.721875 0.4125 0.720312 0.4125 0.715625 0.414062 0.714063 0.414062 0.7125 0.415625 0.710938 0.420312 0.710938 0.420312 0.707812 0.414062 0.707812 0.4125 0.70625 0.4125 0.704687 0.403125 0.695312 0.403125 0.69375 0.401563 0.692187 0.401563 0.684375 0.558933
0 0.359375 0.878125 0.359375 0.884375 0.357812 0.885938 0.353125 0.885938 0.353125 0.917188 0.357812 0.917188 0.3625 0.921875 0.3625 0.926562 0.373437 0.926562 0.373437 0.921875 0.376563 0.91875 0.378125 0.91875 0.379687 0.917188 0.38125 0.917188 0.389062 0.909375 0.389062 0.907812 0.390625 0.90625 0.395312 0.90625 0.395312 0.890625 0.390625 0.890625 0.382812 0.882812 0.382812 0.878125 0.548696
0 0.071875 0.584375 0.071875 0.614062 0.0796875 0.614062 0.0796875 0.609375 0.084375 0.604688 0.084375 0.603125 0.0859375 0.601562 0.0859375 0.596875 0.0875 0.595312 0.0875 0.59375 0.0890625 0.592188 0.0890625 0.590625 0.090625 0.589063 0.0953125 0.589063 0.0953125 0.584375 0.530814
1 0.214062 0.10625 0.209375 0.10625 0.209375 0.11875 0.215625 0.11875 0.21875 0.121875 0.21875 0.126563 0.225 0.126563 0.225 0.120312 0.223438 0.11875 0.223438 0.117188 0.220313 0.114063 0.220313 0.1125 0.21875 0.110937 0.21875 0.109375 0.217187 0.107813 0.215625 0.107813 0.214062 0.10625 0.225 0.078125 0.228125 0.078125 0.229687 0.0796875 0.245312 0.0796875 0.251563 0.0859375 0.251563 0.0875 0.253125 0.0890625 0.25625 0.0890625 0.257812 0.090625 0.259375 0.090625 0.260938 0.0921875 0.2625 0.0921875 0.264062 0.09375 0.265625 0.09375 0.270312 0.0984375 0.271875 0.0984375 0.273438 0.1 0.275 0.1 0.276563 0.101562 0.279687 0.101562 0.28125 0.103125 0.289062 0.103125 0.290625 0.104687 0.298438 0.104687 0.301562 0.107813 0.303125 0.107813 0.304688 0.109375 0.30625 0.109375 0.307813 0.110937 0.309375 0.110937 0.3125 0.114063 0.314063 0.114063 0.315625 0.115625 0.317187 0.115625 0.31875 0.117188 0.325 0.117188 0.326562 0.11875 0.328125 0.117188 0.335938 0.117188 0.3375 0.115625 0.340625 0.115625 0.342187 0.114063 0.34375 0.114063 0.345313 0.1125 0.346875 0.1125 0.348437 0.110937 0.35 0.110937 0.353125 0.107813 0.357812 0.107813 0.357812 0.0875 0.353125 0.0875 0.35 0.084375 0.35 0.0828125 0.346875 0.0796875 0.346875 0.078125 0.345313 0.0765625 0.345313 0.075 0.34375 0.0734375 0.34375 0.071875 0.342187 0.0703125 0.342187 0.0671875 0.340625 0.065625 0.340625 0.0640625 0.339063 0.0625 0.339063 0.059375 0.3375 0.0578125 0.3375 0.05625 0.332812 0.0515625 0.329688 0.0515625 0.328125 0.05 0.325 0.05 0.323438 0.0515625 0.315625 0.0515625 0.310937 0.046875 0.310937 0.0421875 0.309375 0.040625 0.309375 0.0390625 0.30625 0.0359375 0.304688 0.0359375 0.303125 0.034375 0.298438 0.034375 0.296875 0.0359375 0.290625 0.0359375 0.289062 0.034375 0.2875 0.034375 0.285937 0.0328125 0.284375 0.0328125 0.282813 0.03125 0.28125 0.03125 0.279687 0.0296875 0.276563 0.0296875 0.275 0.028125 0.273438 0.028125 0.270312 0.025 0.26875 0.025 0.267188 0.0234375 0.265625 0.0234375 0.2625 0.0203125 0.2625 0.015625 0.209375 0.015625 0.209375 0.071875 0.215625 0.071875 0.217187 0.0734375 0.21875 0.0734375 0.220313 0.075 0.221875 0.075 0.225 0.078125 0.528542
0 0.846875 0.321875 0.846875 0.357812 0.857813 0.357812 0.859375 0.359375 0.8625 0.359375 0.864062 0.360938 0.870313 0.360938 0.871875 0.359375 0.873438 0.359375 0.875 0.357812 0.876562 0.357812 0.878125 0.35625 0.879687 0.35625 0.88125 0.354688 0.882812 0.354688 0.884375 0.353125 0.889063 0.353125 0.890625 0.351562 0.892187 0.351562 0.895312 0.348437 0.901563 0.348437 0.901563 0.321875 0.514579
