0 0.053125 0.171875 0.053125 0.203125 0.059375 0.203125 0.0640625 0.207813 0.0671875 0.207813 0.06875 0.209375 0.06875 0.214062 0.0703125 0.214062 0.0703125 0.209375 0.071875 0.207813 0.0734375 0.207813 0.075 0.20625 0.0765625 0.20625 0.0875 0.195312 0.0875 0.19375 0.090625 0.190625 0.0953125 0.190625 0.0953125 0.178125 0.090625 0.178125 0.0890625 0.176563 0.0890625 0.171875 0.765125
0 0.878125 0.603125 0.878125 0.626562 0.884375 0.626562 0.8875 0.629687 0.889063 0.629687 0.890625 0.63125 0.907812 0.63125 0.909375 0.629687 0.910937 0.629687 0.915625 0.625 0.920313 0.625 0.920313 0.603125 0.757694
0 0.928125 0.615625 0.928125 0.651563 0.951563 0.651563 0.951563 0.646875 0.95625 0.642187 0.957812 0.642187 0.9625 0.6375 0.9625 0.635938 0.965625 0.632812 0.970312 0.632812 0.965625 0.632812 0.964063 0.63125 0.964063 0.628125 0.9625 0.626562 0.9625 0.625 0.959375 0.621875 0.959375 0.615625 0.708117
0 0.765625 0.171875 0.765625 0.20625 0.770312 0.20625 0.773438 0.209375 0.773438 0.214062 0.7875 0.214062 0.7875 0.209375 0.790625 0.20625 0.792188 0.20625 0.79375 0.204688 0.795313 0.204688 0.803125 0.196875 0.807813 0.196875 0.807813 0.182812 0.803125 0.182812 0.8 0.179688 0.8 0.171875 0.694632
1 0.798437 0.071875 0.798437 0.0796875 0.796875 0.08125 0.790625 0.08125 0.790625 0.123438 0.796875 0.123438 0.801562 0.128125 0.801562 0.132812 0.835938 0.132812 0.835938 0.128125 0.8375 0.126563 0.839063 0.126563 0.842188 0.123438 0.84375 0.123438 0.845312 0.121875 0.848437 0.121875 0.853125 0.117188 0.857813 0.117188 0.857813 0.114063 0.853125 0.114063 0.848437 0.109375 0.848437 0.107813 0.846875 0.10625 0.846875 0.104687 0.845312 0.103125 0.845312 0.101562 0.842188 0.0984375 0.842188 0.096875 0.8375 0.0921875 0.8375 0.090625 0.835938 0.0890625 0.834375 0.0890625 0.83125 0.0859375 0.83125 0.084375 0.828125 0.08125 0.828125 0.0796875 0.825 0.0765625 0.825 0.071875 0.664537
0 0.384375 0.821875 0.384375 0.8375 0.390625 0.8375 0.392188 0.839063 0.396875 0.839063 0.398438 0.8375 0.4 0.8375 0.401563 0.835938 0.403125 0.835938 0.40625 0.832812 0.40625 0.829687 0.407813 0.828125 0.407813 0.821875 0.602492
0 0.003125 0.328125 0.003125 0.351562 0.0109375 0.351562 0.0125 0.35 0.015625 0.35 0.021875 0.34375 0.0265625 0.34375 0.0265625 0.328125 0.591352
1 0.740625 0.553125 0.740625 0.575 0.745313 0.575 0.75 0.579687 0.751562 0.579687 0.765625 0.59375 0.767187 0.59375 0.76875 0.595312 0.770312 0.595312 0.771875 0.596875 0.773438 0.596875 0.775 0.598437 0.778125 0.598437 0.779688 0.6 0.785937 0.6 0.7875 0.601562 0.79375 0.601562 0.795313 0.6 0.804688 0.6 0.80625 0.598437 0.832812 0.598437 0.834375 0.6 0.839063 0.6 0.840625 0.601562 0.845312 0.601562 0.846875 0.6 0.848437 0.6 0.85 0.598437 0.857813 0.598437 0.860937 0.601562 0.860937 0.607813 0.870313 0.607813 0.870313 0.590625 0.864062 0.590625 0.8625 0.589063 0.860937 0.589063 0.859375 0.5875 0.859375 0.585938 0.854688 0.58125 0.853125 0.58125 0.85 0.578125 0.848437 0.578125 0.846875 0.576563 0.845312 0.576563 0.84375 0.575 0.842188 0.575 0.840625 0.573438 0.8375 0.573438 0.835938 0.571875 0.834375 0.571875 0.832812 0.570312 0.829687 0.570312 0.828125 0.56875 0.81875 0.56875 0.817187 0.567187 0.814062 0.567187 0.8125 0.565625 0.810938 0.565625 0.809375 0.564062 0.80625 0.564062 0.804688 0.5625 0.803125 0.5625 0.801562 0.560938 0.8 0.560938 0.798437 0.559375 0.798437 0.553125 0.579037
0 0.496875 0.059375 0.496875 0.0890625 0.501562 0.0890625 0.501562 0.084375 0.503125 0.0828125 0.507812 0.0828125 0.514063 0.0765625 0.520312 0.0765625 0.520312 0.059375 0.57694
0 0.084375 0.271875 0.084375 0.3 0.090625 0.3 0.0921875 0.301562 0.09375 0.301562 0.0953125 0.303125 0.0953125 0.307813 0.109375 0.307813 0.109375 0.303125 0.115625 0.296875 0.120312 0.296875 0.120312 0.28125 0.115625 0.28125 0.114063 0.279687 0.114063 0.278125 0.1125 0.276563 0.1125 0.271875 0.56389
0 0.465625 0.021875 0.465625 0.0453125 0.482812 0.0453125 0.482812 0.040625 0.484375 0.0390625 0.489062 0.0390625 0.489062 0.028125 0.484375 0.028125 0.482812 0.0265625 0.482812 0.021875 0.55789
0 0.046875 0.284375 0.046875 0.30625 0.0546875 0.30625 0.0578125 0.309375 0.0578125 0.314063 0.071875 0.314063 0.071875 0.309375 0.078125 0.303125 0.0796875 0.303125 0.08125 0.301562 0.08125 0.298438 0.0828125 0.296875 0.0828125 0.295312 0.08125 0.29375 0.08125 0.284375 0.543866
0 0.659375 0.246875 0.659375 0.26875 0.665625 0.26875 0.667188 0.267188 0.670313 0.267188 0.671875 0.265625 0.673437 0.265625 0.675 0.264062 0.675 0.2625 0.678125 0.259375 0.682813 0.259375 0.682813 0.257812 0.678125 0.257812 0.675 0.254687 0.675 0.246875 0.510876
0 0.146875 0.178125 0.146875 0.195312 0.15625 0.195312 0.157813 0.19375 0.159375 0.19375 0.1625 0.190625 0.1625 0.178125 0.501406
