0 0.946875 0.309375 0.946875 0.323438 0.957812 0.323438 0.959375 0.321875 0.964063 0.321875 0.964063 0.309375 0.619169
0 0.503125 0.209375 0.503125 0.225 0.509375 0.225 0.5125 0.228125 0.5125 0.232812 0.515625 0.232812 0.515625 0.226562 0.520312 0.221875 0.526563 0.221875 0.526563 0.209375 0.59271
0 0.596875 0.634375 0.596875 0.651563 0.60625 0.651563 0.60625 0.64375 0.609375 0.640625 0.614062 0.640625 0.614062 0.634375 0.564331
0 0.834375 0.409375 0.834375 0.423438 0.84375 0.423438 0.845312 0.425 0.846875 0.425 0.848437 0.423438 0.85 0.423438 0.851562 0.421875 0.857813 0.421875 0.857813 0.41875 0.853125 0.41875 0.85 0.415625 0.85 0.409375 0.561806
0 0.228125 0.221875 0.228125 0.239063 0.232812 0.239063 0.239063 0.232812 0.239063 0.221875 0.541226
0 0.765625 0.365625 0.765625 0.382812 0.773438 0.382812 0.773438 0.378125 0.776563 0.375 0.782812 0.375 0.782812 0.365625 0.539256
0 0.321875 0.978125 0.321875 0.995313 0.339063 0.995313 0.339063 0.978125 0.537243
0 0.146875 0.159375 0.146875 0.176563 0.153125 0.176563 0.154687 0.178125 0.154687 0.182812 0.160938 0.182812 0.160938 0.176563 0.1625 0.175 0.1625 0.173438 0.164062 0.171875 0.164062 0.159375 0.528908
0 0.934375 0.884375 0.934375 0.9 0.940625 0.9 0.942187 0.898438 0.94375 0.898438 0.945312 0.896875 0.951563 0.896875 0.951563 0.884375 0.528364
0 0.771875 0.015625 0.771875 0.0296875 0.784375 0.0296875 0.785937 0.028125 0.7875 0.028125 0.789062 0.0265625 0.789062 0.025 0.790625 0.0234375 0.795313 0.0234375 0.795313 0.015625 0.52239
0 0.703125 0.796875 0.703125 0.8125 0.709375 0.8125 0.710938 0.810938 0.720312 0.810938 0.720312 0.796875 0.519959
0 0.328125 0.246875 0.328125 0.2625 0.334375 0.2625 0.335938 0.260938 0.345313 0.260938 0.345313 0.246875 0.519925
0 0.184375 0.078125 0.184375 0.0953125 0.196875 0.0953125 0.196875 0.0890625 0.198437 0.0875 0.198437 0.0859375 0.2 0.084375 0.2 0.078125 0.519675
0 0.509375 0.603125 0.509375 0.614062 0.520312 0.614062 0.520312 0.603125 0.515009
0 0.440625 0.109375 0.440625 0.126563 0.446875 0.126563 0.446875 0.120312 0.453125 0.114063 0.457812 0.114063 0.457812 0.109375 0.50818
0 0.571875 0.884375 0.571875 0.901563 0.578125 0.901563 0.578125 0.896875 0.58125 0.89375 0.589063 0.89375 0.589063 0.884375 0.50281
