1 0.34375 0.83125 0.34375 0.835938 0.345313 0.8375 0.345313 0.839063 0.346875 0.840625 0.346875 0.842188 0.348437 0.842188 0.35 0.84375 0.364062 0.84375 0.364062 0.817187 0.359375 0.817187 0.35625 0.820312 0.35625 0.821875 0.354688 0.823438 0.354688 0.826563 0.351562 0.829687 0.346875 0.829687 0.345313 0.83125 0.34375 0.83125 0.339063 0.828125 0.339063 0.826563 0.340625 0.825 0.340625 0.821875 0.342187 0.820312 0.342187 0.810938 0.34375 0.809375 0.34375 0.80625 0.345313 0.804688 0.345313 0.803125 0.348437 0.8 0.35 0.8 0.353125 0.796875 0.354688 0.796875 0.359375 0.792188 0.364062 0.792188 0.364062 0.76875 0.359375 0.76875 0.351562 0.760938 0.35 0.760938 0.346875 0.757812 0.345313 0.757812 0.34375 0.75625 0.34375 0.754687 0.340625 0.751562 0.340625 0.75 0.3375 0.746875 0.3375 0.745313 0.33125 0.739062 0.329688 0.739062 0.328125 0.7375 0.326562 0.7375 0.325 0.735937 0.323438 0.735937 0.31875 0.73125 0.31875 0.729688 0.317187 0.728125 0.317187 0.726562 0.315625 0.725 0.315625 0.723437 0.314063 0.721875 0.314063 0.720312 0.30625 0.7125 0.304688 0.7125 0.3 0.707812 0.298438 0.707812 0.292188 0.701563 0.290625 0.701563 0.282813 0.69375 0.282813 0.692187 0.279687 0.689062 0.279687 0.6875 0.276563 0.684375 0.273438 0.684375 0.271875 0.682813 0.26875 0.682813 0.265625 0.679688 0.264062 0.679688 0.2625 0.678125 0.260938 0.678125 0.257812 0.675 0.25625 0.675 0.253125 0.671875 0.253125 0.670313 0.248437 0.665625 0.248437 0.664062 0.245312 0.660937 0.245312 0.659375 0.239063 0.653125 0.2375 0.653125 0.234375 0.65 0.234375 0.645312 0.232812 0.64375 0.232812 0.642187 0.23125 0.640625 0.23125 0.639063 0.225 0.632812 0.223438 0.632812 0.21875 0.628125 0.21875 0.626562 0.217187 0.625 0.217187 0.623438 0.215625 0.621875 0.215625 0.620313 0.210938 0.615625 0.210938 0.614062 0.207813 0.610937 0.207813 0.609375 0.201562 0.603125 0.2 0.603125 0.198437 0.601562 0.196875 0.601562 0.190625 0.595312 0.189063 0.595312 0.179688 0.585938 0.179688 0.584375 0.16875 0.573438 0.16875 0.571875 0.165625 0.56875 0.164062 0.56875 0.159375 0.564062 0.159375 0.559375 0.117188 0.559375 0.117188 0.578125 0.11875 0.579687 0.11875 0.582812 0.120312 0.584375 0.123438 0.584375 0.125 0.585938 0.126563 0.585938 0.13125 0.590625 0.13125 0.592188 0.132812 0.59375 0.132812 0.596875 0.134375 0.598437 0.134375 0.6 0.1375 0.603125 0.139062 0.603125 0.142188 0.60625 0.145313 0.60625 0.146875 0.607813 0.148438 0.607813 0.151562 0.610937 0.151562 0.614062 0.153125 0.615625 0.153125 0.617188 0.154687 0.61875 0.154687 0.620313 0.157813 0.623438 0.157813 0.625 0.159375 0.626562 0.160938 0.626562 0.164062 0.629687 0.165625 0.629687 0.167187 0.63125 0.167187 0.632812 0.170312 0.635938 0.170312 0.6375 0.171875 0.639063 0.171875 0.640625 0.184375 0.653125 0.184375 0.654688 0.190625 0.660937 0.190625 0.6625 0.2 0.671875 0.201562 0.671875 0.20625 0.676562 0.20625 0.678125 0.207813 0.679688 0.207813 0.6875 0.20625 0.689062 0.20625 0.692187 0.198437 0.7 0.196875 0.7 0.195312 0.701563 0.19375 0.701563 0.192188 0.703125 0.19375 0.704687 0.19375 0.707812 0.190625 0.710938 0.189063 0.710938 0.1875 0.7125 0.18125 0.7125 0.179688 0.714063 0.176563 0.714063 0.175 0.715625 0.16875 0.715625 0.167187 0.717188 0.157813 0.717188 0.15625 0.71875 0.154687 0.71875 0.153125 0.720312 0.151562 0.720312 0.148438 0.723437 0.148438 0.726562 0.146875 0.728125 0.146875 0.729688 0.14375 0.732813 0.14375 0.734375 0.142188 0.735937 0.142188 0.7375 0.140625 0.739062 0.140625 0.740625 0.1375 0.74375 0.1375 0.745313 0.132812 0.75 0.126563 0.75 0.125 0.748438 0.123438 0.748438 0.121875 0.746875 0.11875 0.746875 0.117188 0.745313 0.115625 0.745313 0.114063 0.74375 0.110937 0.74375 0.109375 0.742188 0.1 0.742188 0.0953125 0.746875 0.090625 0.746875 0.090625 0.825 0.0953125 0.825 0.096875 0.826563 0.096875 0.828125 0.0984375 0.829687 0.0984375 0.834375 0.1 0.835938 0.1 0.839063 0.101562 0.840625 0.103125 0.840625 0.104687 0.842188 0.10625 0.842188 0.107813 0.84375 0.107813 0.845312 0.109375 0.846875 0.110937 0.846875 0.115625 0.851562 0.117188 0.851562 0.11875 0.853125 0.121875 0.853125 0.123438 0.854688 0.125 0.854688 0.126563 0.85625 0.128125 0.85625 0.129688 0.857813 0.13125 0.857813 0.132812 0.859375 0.134375 0.859375 0.135937 0.860937 0.1375 0.860937 0.139062 0.8625 0.140625 0.8625 0.142188 0.864062 0.14375 0.864062 0.145313 0.865625 0.15 0.865625 0.151562 0.867188 0.154687 0.867188 0.15625 0.86875 0.157813 0.86875 0.165625 0.876562 0.167187 0.876562 0.170312 0.879687 0.173438 0.879687 0.175 0.88125 0.178125 0.88125 0.179688 0.882812 0.182812 0.882812 0.184375 0.884375 0.190625 0.884375 0.195312 0.889063 0.201562 0.889063 0.203125 0.8875 0.203125 0.885938 0.204688 0.884375 0.204688 0.882812 0.20625 0.88125 0.20625 0.879687 0.207813 0.878125 0.2125 0.878125 0.214062 0.879687 0.215625 0.879687 0.217187 0.88125 0.21875 0.88125 0.220313 0.882812 0.221875 0.882812 0.223438 0.884375 0.223438 0.885938 0.226562 0.889063 0.228125 0.889063 0.23125 0.892187 0.232812 0.892187 0.234375 0.89375 0.2375 0.89375 0.239063 0.895312 0.242188 0.895312 0.24375 0.89375 0.248437 0.89375 0.25 0.892187 0.251563 0.892187 0.253125 0.890625 0.254687 0.890625 0.25625 0.889063 0.257812 0.889063 0.271875 0.875 0.275 0.875 0.276563 0.873438 0.278125 0.873438 0.279687 0.871875 0.28125 0.871875 0.282813 0.870313 0.298438 0.870313 0.3 0.86875 0.303125 0.86875 0.307813 0.864062 0.307813 0.859375 0.310937 0.85625 0.310937 0.854688 0.314063 0.851562 0.315625 0.851562 0.317187 0.85 0.31875 0.85 0.321875 0.846875 0.323438 0.846875 0.323438 0.845312 0.326562 0.842188 0.326562 0.840625 0.328125 0.839063 0.329688 0.839063 0.332812 0.835938 0.332812 0.834375 0.334375 0.832812 0.335938 0.832812 0.3375 0.83125 0.3375 0.829687 0.339063 0.828125 0.707853
0 0.271875 0.553125 0.271875 0.576563 0.289062 0.576563 0.289062 0.553125 0.626287
0 0.784375 0.078125 0.784375 0.101562 0.796875 0.101562 0.796875 0.0953125 0.803125 0.0890625 0.807813 0.0890625 0.803125 0.0890625 0.801562 0.0875 0.801562 0.0859375 0.8 0.084375 0.8 0.078125 0.611175
0 0.421875 0.184375 0.421875 0.198437 0.435937 0.198437 0.4375 0.196875 0.445312 0.196875 0.445312 0.184375 0.603259
0 0.621875 0.334375 0.621875 0.35625 0.63125 0.35625 0.632812 0.357812 0.634375 0.357812 0.635938 0.35625 0.639063 0.35625 0.640625 0.354688 0.642187 0.354688 0.64375 0.353125 0.64375 0.351562 0.646875 0.348437 0.651563 0.348437 0.651563 0.345313 0.646875 0.345313 0.645312 0.34375 0.645312 0.342187 0.64375 0.340625 0.64375 0.334375 0.598686
0 0.453125 0.171875 0.453125 0.201562 0.470313 0.201562 0.470313 0.196875 0.473437 0.19375 0.473437 0.192188 0.478125 0.1875 0.482812 0.1875 0.482812 0.171875 0.576881
0 0.328125 0.128125 0.328125 0.157813 0.346875 0.157813 0.346875 0.153125 0.353125 0.146875 0.357812 0.146875 0.357812 0.135937 0.353125 0.135937 0.351562 0.134375 0.351562 0.128125 0.567743
0 0.803125 0.178125 0.803125 0.192188 0.817187 0.192188 0.81875 0.190625 0.820312 0.190625 0.821875 0.189063 0.826563 0.189063 0.826563 0.178125 0.567389
0 0.321875 0.621875 0.321875 0.635938 0.329688 0.635938 0.33125 0.6375 0.335938 0.6375 0.3375 0.635938 0.340625 0.635938 0.342187 0.634375 0.342187 0.63125 0.34375 0.629687 0.34375 0.621875 0.566716
0 0.071875 0.446875 0.071875 0.464063 0.0828125 0.464063 0.0828125 0.459375 0.084375 0.457812 0.084375 0.45625 0.0875 0.453125 0.0875 0.446875 0.550483
0 0.846875 0.171875 0.846875 0.1875 0.85625 0.1875 0.857813 0.189063 0.859375 0.189063 0.860937 0.1875 0.864062 0.1875 0.865625 0.185937 0.867188 0.185937 0.86875 0.184375 0.86875 0.171875 0.542871
0 0.509375 0.659375 0.509375 0.675 0.521875 0.675 0.523438 0.673437 0.525 0.673437 0.528125 0.670313 0.532812 0.670313 0.532812 0.659375 0.540306
0 0.484375 0.659375 0.484375 0.682813 0.503125 0.682813 0.503125 0.676562 0.50625 0.673437 0.50625 0.659375 0.539227
0 0.609375 0.846875 0.609375 0.864062 0.61875 0.864062 0.620313 0.8625 0.623438 0.8625 0.628125 0.857813 0.632812 0.857813 0.632812 0.846875 0.535586
0 0.046875 0.459375 0.046875 0.475 0.0578125 0.475 0.0625 0.470313 0.0625 0.459375 0.506652
