0 0.290625 0.515625 0.290625 0.539062 0.298438 0.539062 0.3 0.540625 0.3 0.545313 0.304688 0.545313 0.304688 0.540625 0.30625 0.539062 0.307813 0.539062 0.309375 0.5375 0.310937 0.5375 0.3125 0.535937 0.314063 0.535937 0.321875 0.528125 0.326562 0.528125 0.326562 0.515625 0.73977
0 0.546875 0.184375 0.546875 0.204688 0.55625 0.204688 0.557813 0.20625 0.559375 0.20625 0.560938 0.204688 0.564062 0.204688 0.565625 0.203125 0.567187 0.203125 0.567187 0.201562 0.56875 0.2 0.56875 0.192188 0.567187 0.190625 0.567187 0.184375 0.712082
0 0.203125 0.396875 0.203125 0.428125 0.209375 0.428125 0.210938 0.429688 0.214062 0.429688 0.215625 0.43125 0.226562 0.43125 0.228125 0.429688 0.23125 0.429688 0.2375 0.423438 0.2375 0.421875 0.240625 0.41875 0.245312 0.41875 0.245312 0.409375 0.239063 0.409375 0.2375 0.407813 0.2375 0.40625 0.234375 0.403125 0.234375 0.396875 0.676053
0 0.465625 0.121875 0.465625 0.15 0.48125 0.15 0.482812 0.148438 0.484375 0.148438 0.4875 0.145313 0.4875 0.14375 0.490625 0.140625 0.495313 0.140625 0.495313 0.132812 0.490625 0.132812 0.4875 0.129688 0.4875 0.128125 0.485938 0.126563 0.485938 0.121875 0.667647
0 0.571875 0.178125 0.571875 0.20625 0.585938 0.20625 0.589063 0.203125 0.595312 0.203125 0.595312 0.178125 0.628185
0 0.190625 0.621875 0.190625 0.645312 0.20625 0.645312 0.20625 0.640625 0.214062 0.632812 0.214062 0.63125 0.215625 0.629687 0.220313 0.629687 0.220313 0.621875 0.597127
0 0.446875 0.953125 0.446875 0.976562 0.453125 0.976562 0.454688 0.978125 0.454688 0.982813 0.465625 0.982813 0.465625 0.978125 0.471875 0.971875 0.476562 0.971875 0.476562 0.953125 0.585977
0 0.796875 0.115625 0.796875 0.135937 0.804688 0.135937 0.80625 0.1375 0.814062 0.1375 0.815625 0.135937 0.817187 0.135937 0.820312 0.132812 0.820312 0.13125 0.821875 0.129688 0.826563 0.129688 0.826563 0.126563 0.821875 0.126563 0.820312 0.125 0.820312 0.123438 0.81875 0.121875 0.81875 0.115625 0.585923
0 0.371875 0.371875 0.371875 0.395312 0.385938 0.395312 0.385938 0.390625 0.39375 0.382812 0.39375 0.378125 0.395312 0.376563 0.395312 0.371875 0.583986
0 0.453125 0.078125 0.453125 0.104687 0.460938 0.104687 0.4625 0.10625 0.475 0.10625 0.476562 0.104687 0.479688 0.104687 0.482812 0.101562 0.484375 0.101562 0.484375 0.1 0.485938 0.0984375 0.485938 0.096875 0.4875 0.0953125 0.4875 0.0890625 0.485938 0.0875 0.485938 0.0859375 0.484375 0.084375 0.484375 0.078125 0.573597
0 0.034375 0.171875 0.034375 0.195312 0.053125 0.195312 0.053125 0.189063 0.0578125 0.184375 0.0578125 0.171875 0.539178
0 0.628125 0.796875 0.628125 0.81875 0.634375 0.81875 0.635938 0.817187 0.640625 0.817187 0.64375 0.814062 0.64375 0.8125 0.646875 0.809375 0.651563 0.809375 0.651563 0.796875 0.53659
0 0.553125 0.309375 0.553125 0.332812 0.559375 0.332812 0.560938 0.334375 0.560938 0.339063 0.578125 0.339063 0.578125 0.332812 0.582812 0.328125 0.589063 0.328125 0.589063 0.31875 0.584375 0.31875 0.58125 0.315625 0.58125 0.309375 0.527917
0 0.284375 0.253125 0.284375 0.276563 0.296875 0.276563 0.296875 0.270312 0.301562 0.265625 0.307813 0.265625 0.307813 0.2625 0.303125 0.2625 0.301562 0.260938 0.301562 0.253125 0.525889
0 0.046875 0.403125 0.046875 0.420312 0.053125 0.420312 0.0546875 0.421875 0.0546875 0.426562 0.0609375 0.426562 0.0609375 0.421875 0.065625 0.417188 0.0703125 0.417188 0.0703125 0.403125 0.5189
0 0.434375 0.921875 0.434375 0.945312 0.445312 0.945312 0.445312 0.940625 0.45 0.935938 0.451562 0.935938 0.453125 0.934375 0.457812 0.934375 0.457812 0.93125 0.453125 0.93125 0.45 0.928125 0.45 0.921875 0.51388
0 0.878125 0.040625 0.878125 0.0609375 0.882812 0.0609375 0.884375 0.0625 0.8875 0.0625 0.889063 0.0640625 0.895312 0.0640625 0.901563 0.0578125 0.907812 0.0578125 0.907812 0.046875 0.903125 0.046875 0.901563 0.0453125 0.901563 0.040625 0.512556
0 0.884375 0.584375 0.884375 0.607813 0.901563 0.607813 0.901563 0.601562 0.903125 0.6 0.903125 0.598437 0.90625 0.595312 0.90625 0.584375 0.508343
0 0 0.465625 0 0.489062 0.0140625 0.489062 0.0140625 0.484375 0.0171875 0.48125 0.0171875 0.479688 0.0203125 0.476562 0.0203125 0.475 0.01875 0.473437 0.01875 0.465625 0.502215
0 0.521875 0.140625 0.521875 0.154687 0.526563 0.154687 0.528125 0.15625 0.53125 0.15625 0.532812 0.157813 0.5375 0.157813 0.539062 0.159375 0.539062 0.164062 0.539062 0.159375 0.540625 0.157813 0.542188 0.157813 0.54375 0.15625 0.551562 0.15625 0.551562 0.140625 0.500783
