0 0.440625 0.003125 0.440625 0.0234375 0.446875 0.0234375 0.448438 0.025 0.454688 0.025 0.45625 0.0234375 0.457812 0.0234375 0.465625 0.015625 0.470313 0.015625 0.470313 0.003125 0.708243
0 0.465625 0.015625 0.465625 0.0203125 0.464063 0.021875 0.459375 0.021875 0.459375 0.04375 0.471875 0.04375 0.473437 0.0421875 0.475 0.0421875 0.476562 0.040625 0.478125 0.040625 0.48125 0.0375 0.482812 0.0375 0.4875 0.0328125 0.4875 0.0296875 0.489062 0.028125 0.489062 0.0265625 0.485938 0.0234375 0.485938 0.021875 0.484375 0.0203125 0.484375 0.015625 0.694654
0 0.521875 0.246875 0.521875 0.270312 0.534375 0.270312 0.534375 0.264062 0.5375 0.260938 0.5375 0.259375 0.539062 0.257812 0.539062 0.25625 0.540625 0.254687 0.545313 0.254687 0.545313 0.246875 0.681029
0 0.546875 0.215625 0.546875 0.239063 0.55625 0.239063 0.55625 0.234375 0.559375 0.23125 0.560938 0.23125 0.564062 0.228125 0.570312 0.228125 0.570312 0.215625 0.661934
0 0.440625 0.653125 0.440625 0.675 0.446875 0.675 0.448438 0.676562 0.453125 0.676562 0.454688 0.675 0.45625 0.675 0.457812 0.673437 0.459375 0.673437 0.4625 0.670313 0.4625 0.667188 0.464063 0.665625 0.4625 0.664062 0.4625 0.660937 0.460938 0.659375 0.460938 0.653125 0.651635
0 0.328125 0.421875 0.328125 0.445312 0.346875 0.445312 0.346875 0.440625 0.351562 0.435937 0.357812 0.435937 0.357812 0.421875 0.612312
0 0.640625 0.746875 0.640625 0.776563 0.657812 0.776563 0.657812 0.771875 0.6625 0.767187 0.664062 0.767187 0.667188 0.764063 0.667188 0.7625 0.66875 0.760938 0.66875 0.746875 0.606805
0 0.434375 0.621875 0.434375 0.648438 0.445312 0.648438 0.446875 0.65 0.45625 0.65 0.459375 0.646875 0.459375 0.645312 0.460938 0.64375 0.460938 0.635938 0.459375 0.634375 0.459375 0.63125 0.454688 0.626562 0.454688 0.621875 0.603631
0 0.678125 0.384375 0.678125 0.414062 0.695312 0.414062 0.695312 0.407813 0.7 0.403125 0.7 0.401563 0.703125 0.398438 0.707812 0.398438 0.707812 0.384375 0.591032
0 0.278125 0.815625 0.278125 0.84375 0.290625 0.84375 0.292188 0.842188 0.29375 0.842188 0.303125 0.832812 0.307813 0.832812 0.307813 0.815625 0.590345
0 0.271875 0.765625 0.271875 0.789062 0.2875 0.789062 0.2875 0.784375 0.290625 0.78125 0.295312 0.78125 0.295312 0.765625 0.588328
0 0.565625 0.303125 0.565625 0.326562 0.58125 0.326562 0.58125 0.321875 0.5875 0.315625 0.5875 0.303125 0.585298
0 0.421875 0.546875 0.421875 0.56875 0.435937 0.56875 0.4375 0.567187 0.440625 0.567187 0.442187 0.565625 0.442187 0.5625 0.44375 0.560938 0.44375 0.546875 0.581573
0 0.365625 0.778125 0.365625 0.801562 0.373437 0.801562 0.373437 0.796875 0.376563 0.79375 0.378125 0.79375 0.38125 0.790625 0.38125 0.789062 0.382812 0.7875 0.382812 0.785937 0.384375 0.784375 0.389062 0.784375 0.389062 0.778125 0.574995
0 0.721875 0.446875 0.721875 0.476562 0.74375 0.476562 0.74375 0.471875 0.748438 0.467187 0.748438 0.465625 0.75 0.464063 0.75 0.4625 0.753125 0.459375 0.757812 0.459375 0.757812 0.446875 0.574886
0 0.228125 0.821875 0.228125 0.845312 0.24375 0.845312 0.24375 0.839063 0.248437 0.834375 0.248437 0.828125 0.25 0.826563 0.25 0.821875 0.574112
0 0.896875 0.396875 0.896875 0.4125 0.904688 0.4125 0.907812 0.415625 0.907812 0.420312 0.909375 0.420312 0.909375 0.415625 0.914062 0.410937 0.920313 0.410937 0.920313 0.396875 0.571478
0 0.290625 0.503125 0.290625 0.532812 0.303125 0.532812 0.303125 0.528125 0.30625 0.525 0.307813 0.525 0.3125 0.520312 0.3125 0.517187 0.314063 0.515625 0.314063 0.514063 0.3125 0.5125 0.3125 0.510938 0.310937 0.509375 0.310937 0.503125 0.57018
0 0.259375 0.384375 0.259375 0.407813 0.273438 0.407813 0.273438 0.4 0.275 0.398438 0.275 0.384375 0.56658
0 0.128125 0.353125 0.128125 0.376563 0.134375 0.376563 0.135937 0.378125 0.135937 0.382812 0.148438 0.382812 0.148438 0.378125 0.15625 0.370313 0.15625 0.3625 0.154687 0.360938 0.154687 0.359375 0.153125 0.357812 0.153125 0.353125 0.566241
0 0.009375 0.490625 0.009375 0.51875 0.0234375 0.51875 0.025 0.520312 0.028125 0.520312 0.0328125 0.515625 0.0390625 0.515625 0.0390625 0.490625 0.562923
0 0.765625 0.715625 0.765625 0.7375 0.776563 0.7375 0.778125 0.735937 0.779688 0.735937 0.7875 0.728125 0.7875 0.715625 0.557385
0 0.590625 0.340625 0.590625 0.364062 0.610937 0.364062 0.610937 0.359375 0.6125 0.357812 0.6125 0.35625 0.615625 0.353125 0.620313 0.353125 0.620313 0.340625 0.556909
0 0.209375 0.915625 0.209375 0.945312 0.225 0.945312 0.225 0.940625 0.229687 0.935938 0.229687 0.93125 0.23125 0.929688 0.23125 0.915625 0.553989
0 0.471875 0.846875 0.471875 0.870313 0.482812 0.870313 0.482812 0.865625 0.489062 0.859375 0.489062 0.857813 0.490625 0.85625 0.495313 0.85625 0.495313 0.846875 0.553186
0 0.771875 0.246875 0.771875 0.26875 0.785937 0.26875 0.7875 0.267188 0.790625 0.267188 0.792188 0.265625 0.79375 0.265625 0.79375 0.264062 0.796875 0.260938 0.801562 0.260938 0.801562 0.25625 0.796875 0.25625 0.79375 0.253125 0.79375 0.246875 0.541779
0 0.965625 0.453125 0.965625 0.476562 0.976562 0.476562 0.976562 0.471875 0.979688 0.46875 0.98125 0.46875 0.982813 0.467187 0.989062 0.467187 0.989062 0.453125 0.538906
0 0.196875 0.846875 0.196875 0.870313 0.210938 0.870313 0.210938 0.864062 0.214062 0.860937 0.220313 0.860937 0.220313 0.846875 0.538635
0 0.809375 0.471875 0.809375 0.4875 0.821875 0.4875 0.823438 0.485938 0.823438 0.484375 0.825 0.482812 0.825 0.471875 0.536336
0 0.571875 0.934375 0.571875 0.957812 0.585938 0.957812 0.585938 0.953125 0.5875 0.951563 0.5875 0.95 0.589063 0.948438 0.595312 0.948438 0.595312 0.934375 0.528796
0 0.534375 0.165625 0.534375 0.189063 0.546875 0.189063 0.546875 0.182812 0.548437 0.18125 0.55 0.18125 0.553125 0.178125 0.557813 0.178125 0.557813 0.165625 0.527642
0 0.428125 0.571875 0.428125 0.595312 0.451562 0.595312 0.451562 0.571875 0.526155
0 0.696875 0.396875 0.696875 0.426562 0.715625 0.426562 0.715625 0.421875 0.71875 0.41875 0.720312 0.41875 0.723437 0.415625 0.723437 0.414062 0.725 0.4125 0.725 0.407813 0.723437 0.40625 0.723437 0.404687 0.721875 0.403125 0.721875 0.396875 0.524568
1 0.0828125 0.26875 0.0828125 0.276563 0.0890625 0.276563 0.0890625 0.267188 0.084375 0.267188 0.0828125 0.26875 0.0640625 0.264062 0.0640625 0.259375 0.065625 0.257812 0.065625 0.25625 0.0640625 0.254687 0.0640625 0.253125 0.065625 0.251563 0.065625 0.25 0.0671875 0.248437 0.0671875 0.246875 0.06875 0.245312 0.06875 0.242188 0.0703125 0.240625 0.0703125 0.234375 0.071875 0.232812 0.071875 0.23125 0.075 0.228125 0.0765625 0.228125 0.078125 0.226562 0.0796875 0.226562 0.0828125 0.223438 0.0890625 0.223438 0.0890625 0.20625 0.0828125 0.20625 0.0796875 0.203125 0.0796875 0.196875 0.0578125 0.196875 0.0578125 0.214062 0.05625 0.215625 0.05625 0.220313 0.0546875 0.221875 0.0546875 0.228125 0.053125 0.229687 0.053125 0.23125 0.040625 0.24375 0.0390625 0.24375 0.0375 0.245312 0.0359375 0.245312 0.034375 0.246875 0.03125 0.246875 0.0296875 0.248437 0.021875 0.248437 0.021875 0.276563 0.05625 0.276563 0.05625 0.271875 0.0640625 0.264062 0.524192
0 0.578125 0.003125 0.578125 0.0234375 0.584375 0.0234375 0.585938 0.025 0.592188 0.025 0.59375 0.0234375 0.595312 0.0234375 0.598437 0.0203125 0.598437 0.01875 0.6 0.0171875 0.6 0.015625 0.601562 0.0140625 0.601562 0.003125 0.520527
0 0.915625 0.290625 0.915625 0.314063 0.929688 0.314063 0.929688 0.309375 0.932813 0.30625 0.939062 0.30625 0.939062 0.290625 0.519074
0 0.115625 0.815625 0.115625 0.851562 0.132812 0.851562 0.132812 0.845312 0.134375 0.84375 0.134375 0.842188 0.135937 0.840625 0.135937 0.8375 0.1375 0.835938 0.1375 0.828125 0.135937 0.826563 0.135937 0.815625 0.512752
0 0.565625 0.878125 0.565625 0.901563 0.575 0.901563 0.575 0.896875 0.576563 0.895312 0.582812 0.895312 0.582812 0.878125 0.509001
0 0.696875 0.434375 0.696875 0.451562 0.710938 0.451562 0.710938 0.446875 0.7125 0.445312 0.7125 0.44375 0.714063 0.442187 0.714063 0.440625 0.715625 0.439063 0.720312 0.439063 0.720312 0.434375 0.503929
0 0.865625 0.965625 0.865625 0.998438 0.879687 0.998438 0.879687 0.996875 0.8875 0.989062 0.8875 0.985937 0.889063 0.984375 0.895312 0.984375 0.895312 0.975 0.890625 0.975 0.889063 0.973437 0.889063 0.965625 0.502452
0 0.128125 0.971875 0.128125 0.989062 0.132812 0.989062 0.134375 0.9875 0.1375 0.9875 0.139062 0.985937 0.145313 0.985937 0.145313 0.971875 0.500033
