0 0.434375 0.459375 0.434375 0.476562 0.440625 0.476562 0.442187 0.475 0.44375 0.475 0.445312 0.473437 0.451562 0.473437 0.451562 0.459375 0.691476
0 0.834375 0.596875 0.834375 0.614062 0.840625 0.614062 0.842188 0.6125 0.846875 0.6125 0.85 0.609375 0.851562 0.609375 0.853125 0.607813 0.857813 0.607813 0.857813 0.596875 0.656699
0 0.390625 0.571875 0.390625 0.589063 0.403125 0.589063 0.403125 0.584375 0.404687 0.582812 0.404687 0.58125 0.40625 0.579687 0.40625 0.571875 0.629011
0 0.271875 0.634375 0.271875 0.65 0.279687 0.65 0.28125 0.648438 0.282813 0.648438 0.284375 0.646875 0.285937 0.646875 0.285937 0.64375 0.2875 0.642187 0.2875 0.634375 0.627314
0 0.771875 0.571875 0.771875 0.595312 0.776563 0.595312 0.776563 0.590625 0.78125 0.585938 0.782812 0.585938 0.7875 0.58125 0.7875 0.579687 0.790625 0.576563 0.795313 0.576563 0.795313 0.571875 0.610381
0 0.221875 0.596875 0.221875 0.614062 0.239063 0.614062 0.239063 0.596875 0.569593
0 0.521875 0.753125 0.521875 0.776563 0.532812 0.776563 0.532812 0.771875 0.5375 0.767187 0.5375 0.765625 0.540625 0.7625 0.545313 0.7625 0.545313 0.753125 0.564279
0 0 0.590625 0 0.614062 0.0125 0.614062 0.0125 0.609375 0.0171875 0.604688 0.0171875 0.590625 0.551463
0 0.415625 0.046875 0.415625 0.0609375 0.421875 0.0609375 0.423438 0.059375 0.426562 0.059375 0.428125 0.0578125 0.432813 0.0578125 0.432813 0.046875 0.539856
0 0.365625 0.553125 0.365625 0.576563 0.373437 0.576563 0.373437 0.571875 0.375 0.570312 0.376563 0.570312 0.378125 0.56875 0.379687 0.56875 0.38125 0.567187 0.389062 0.567187 0.389062 0.553125 0.537029
0 0.053125 0.346875 0.053125 0.360938 0.0609375 0.360938 0.0625 0.3625 0.065625 0.3625 0.0671875 0.360938 0.06875 0.360938 0.0765625 0.353125 0.0828125 0.353125 0.0828125 0.346875 0.526127
0 0.784375 0.103125 0.784375 0.132812 0.792188 0.132812 0.792188 0.128125 0.79375 0.126563 0.795313 0.126563 0.803125 0.11875 0.807813 0.11875 0.807813 0.103125 0.525548
0 0.696875 0.634375 0.696875 0.65 0.709375 0.65 0.7125 0.646875 0.7125 0.634375 0.523461
0 0.515625 0.659375 0.515625 0.673437 0.526563 0.673437 0.529688 0.670313 0.529688 0.66875 0.53125 0.667188 0.53125 0.659375 0.522526
0 0.071875 0.596875 0.071875 0.620313 0.0765625 0.620313 0.0765625 0.615625 0.0796875 0.6125 0.0828125 0.6125 0.084375 0.610937 0.0890625 0.610937 0.0890625 0.596875 0.519855
0 0.446875 0.971875 0.446875 0.995313 0.453125 0.995313 0.453125 0.989062 0.454688 0.9875 0.454688 0.985937 0.457812 0.982813 0.457812 0.98125 0.459375 0.979688 0.464063 0.979688 0.464063 0.971875 0.512252
0 0.815625 0.334375 0.815625 0.357812 0.832812 0.357812 0.832812 0.351562 0.828125 0.351562 0.825 0.348437 0.825 0.346875 0.828125 0.34375 0.832812 0.34375 0.832812 0.334375 0.503261
0 0.765625 0.596875 0.765625 0.614062 0.785937 0.614062 0.785937 0.596875 0.501182
