0 0.721875 0.271875 0.721875 0.2875 0.732813 0.2875 0.735937 0.284375 0.735937 0.28125 0.7375 0.279687 0.7375 0.271875 0.65782
0 0.590625 0.396875 0.590625 0.414062 0.596875 0.414062 0.6 0.410937 0.6 0.409375 0.601562 0.407813 0.6 0.40625 0.6 0.396875 0.589033
0 0.784375 0.703125 0.784375 0.71875 0.795313 0.71875 0.796875 0.717188 0.798437 0.717188 0.798437 0.715625 0.8 0.714063 0.8 0.703125 0.585046
0 0.571875 0.409375 0.571875 0.426562 0.584375 0.426562 0.584375 0.420312 0.585938 0.41875 0.585938 0.415625 0.5875 0.414062 0.5875 0.409375 0.579129
0 0.059375 0.009375 0.059375 0.0265625 0.065625 0.0265625 0.065625 0.021875 0.0703125 0.0171875 0.0765625 0.0171875 0.0765625 0.009375 0.575313
0 0.290625 0.978125 0.290625 0.998438 0.314063 0.998438 0.314063 0.978125 0.565073
0 0.396875 0.659375 0.396875 0.675 0.40625 0.675 0.407813 0.673437 0.409375 0.673437 0.409375 0.671875 0.410937 0.670313 0.410937 0.667188 0.4125 0.665625 0.4125 0.659375 0.56449
0 0.309375 0.928125 0.309375 0.945312 0.31875 0.945312 0.31875 0.939062 0.320312 0.9375 0.326562 0.9375 0.326562 0.928125 0.553318
1 0.025 0.428125 0.025 0.434375 0.0234375 0.435937 0.0234375 0.440625 0.0203125 0.44375 0.0203125 0.445312 0.01875 0.446875 0.01875 0.45 0.0171875 0.451562 0.0171875 0.453125 0.015625 0.454688 0.015625 0.45625 0.0140625 0.457812 0.0140625 0.459375 0.009375 0.464063 0.0078125 0.464063 0.00625 0.465625 0 0.465625 0 0.514063 0.00625 0.514063 0.00625 0.50625 0.009375 0.503125 0.009375 0.501562 0.0109375 0.5 0.0109375 0.498437 0.0140625 0.495313 0.0140625 0.49375 0.0171875 0.490625 0.0171875 0.489062 0.0203125 0.485938 0.0203125 0.484375 0.021875 0.482812 0.021875 0.48125 0.0234375 0.479688 0.0234375 0.476562 0.025 0.475 0.025 0.473437 0.0265625 0.471875 0.0265625 0.470313 0.028125 0.46875 0.028125 0.465625 0.0296875 0.464063 0.0296875 0.4625 0.03125 0.460938 0.03125 0.459375 0.0328125 0.457812 0.0328125 0.454688 0.034375 0.453125 0.034375 0.451562 0.040625 0.445312 0.0421875 0.445312 0.046875 0.440625 0.0515625 0.440625 0.0515625 0.439063 0.046875 0.439063 0.0421875 0.434375 0.0421875 0.428125 0.553025
0 0 0.721875 0 0.745313 0.0078125 0.745313 0.0078125 0.740625 0.0125 0.735937 0.0125 0.734375 0.0140625 0.732813 0.0125 0.73125 0.0125 0.721875 0.536088
0 0.403125 0.896875 0.403125 0.914062 0.407813 0.914062 0.410937 0.910937 0.410937 0.909375 0.4125 0.907812 0.4125 0.896875 0.522212
0 0 0.765625 0 0.782812 0.00625 0.782812 0.00625 0.778125 0.0078125 0.776563 0.0140625 0.776563 0.0140625 0.765625 0.521698
1 0.165625 0.865625 0.165625 0.901563 0.179688 0.901563 0.179688 0.895312 0.18125 0.89375 0.182812 0.89375 0.1875 0.889063 0.189063 0.889063 0.192188 0.885938 0.195312 0.885938 0.198437 0.882812 0.198437 0.88125 0.2 0.879687 0.2 0.875 0.198437 0.873438 0.198437 0.865625 0.518608
0 0.528125 0.559375 0.528125 0.576563 0.545313 0.576563 0.545313 0.559375 0.51338
0 0.003125 0.121875 0.003125 0.145313 0.0078125 0.145313 0.0078125 0.140625 0.009375 0.139062 0.009375 0.1375 0.0140625 0.132812 0.0203125 0.132812 0.0203125 0.121875 0.511399
0 0.978125 0.534375 0.978125 0.55 0.985937 0.55 0.989062 0.546875 0.995313 0.546875 0.995313 0.534375 0.507643
