1 0.203125 0.378125 0.203125 0.384375 0.201562 0.385938 0.2 0.385938 0.198437 0.3875 0.190625 0.3875 0.189063 0.389062 0.184375 0.389062 0.182812 0.390625 0.18125 0.390625 0.18125 0.392188 0.178125 0.395312 0.178125 0.396875 0.176563 0.398438 0.176563 0.401563 0.175 0.403125 0.175 0.40625 0.170312 0.410937 0.1625 0.410937 0.160938 0.409375 0.15625 0.409375 0.154687 0.407813 0.134375 0.407813 0.132812 0.409375 0.1125 0.409375 0.110937 0.410937 0.107813 0.410937 0.10625 0.4125 0.104687 0.4125 0.103125 0.414062 0.1 0.414062 0.0984375 0.415625 0.096875 0.415625 0.0953125 0.417188 0.090625 0.417188 0.090625 0.4375 0.096875 0.4375 0.1 0.440625 0.101562 0.440625 0.103125 0.442187 0.104687 0.442187 0.109375 0.446875 0.123438 0.446875 0.125 0.448438 0.126563 0.448438 0.129688 0.451562 0.129688 0.467187 0.13125 0.46875 0.13125 0.471875 0.132812 0.473437 0.132812 0.476562 0.1375 0.48125 0.139062 0.48125 0.142188 0.484375 0.14375 0.484375 0.145313 0.485938 0.146875 0.485938 0.148438 0.4875 0.154687 0.4875 0.15625 0.489062 0.157813 0.489062 0.159375 0.490625 0.159375 0.492188 0.160938 0.49375 0.160938 0.495313 0.159375 0.496875 0.159375 0.498437 0.157813 0.5 0.157813 0.501562 0.15625 0.503125 0.15625 0.504687 0.154687 0.50625 0.154687 0.507812 0.153125 0.509375 0.153125 0.514063 0.151562 0.515625 0.153125 0.517187 0.153125 0.523438 0.154687 0.525 0.154687 0.528125 0.15625 0.529688 0.15625 0.53125 0.157813 0.532812 0.157813 0.534375 0.159375 0.535937 0.159375 0.5375 0.160938 0.5375 0.1625 0.539062 0.1625 0.540625 0.164062 0.542188 0.16875 0.542188 0.170312 0.540625 0.171875 0.540625 0.173438 0.539062 0.175 0.539062 0.176563 0.5375 0.1875 0.5375 0.189063 0.539062 0.190625 0.539062 0.192188 0.540625 0.19375 0.540625 0.195312 0.542188 0.2 0.542188 0.201562 0.540625 0.209375 0.540625 0.210938 0.539062 0.23125 0.539062 0.232812 0.540625 0.24375 0.540625 0.245312 0.539062 0.246875 0.539062 0.246875 0.5375 0.25 0.534375 0.25 0.532812 0.254687 0.528125 0.257812 0.528125 0.259375 0.526563 0.260938 0.526563 0.2625 0.528125 0.264062 0.528125 0.265625 0.526563 0.267188 0.526563 0.270312 0.523438 0.270312 0.51875 0.26875 0.517187 0.26875 0.515625 0.265625 0.5125 0.265625 0.510938 0.264062 0.509375 0.264062 0.507812 0.2625 0.50625 0.2625 0.5 0.260938 0.498437 0.260938 0.495313 0.2625 0.49375 0.2625 0.492188 0.265625 0.489062 0.26875 0.489062 0.270312 0.4875 0.273438 0.4875 0.275 0.489062 0.296875 0.489062 0.298438 0.4875 0.304688 0.4875 0.309375 0.482812 0.310937 0.482812 0.314063 0.479688 0.315625 0.479688 0.317187 0.48125 0.317187 0.482812 0.31875 0.484375 0.320312 0.484375 0.321875 0.485938 0.323438 0.485938 0.325 0.4875 0.326562 0.4875 0.332812 0.48125 0.334375 0.48125 0.339063 0.476562 0.340625 0.476562 0.342187 0.478125 0.34375 0.478125 0.346875 0.48125 0.346875 0.482812 0.35 0.485938 0.35 0.4875 0.351562 0.489062 0.351562 0.49375 0.354688 0.496875 0.364062 0.496875 0.364062 0.425 0.35625 0.425 0.354688 0.423438 0.351562 0.423438 0.35 0.421875 0.346875 0.421875 0.345313 0.420312 0.334375 0.420312 0.332812 0.41875 0.325 0.41875 0.323438 0.420312 0.320312 0.420312 0.314063 0.426562 0.314063 0.428125 0.310937 0.43125 0.30625 0.43125 0.304688 0.429688 0.303125 0.429688 0.301562 0.428125 0.301562 0.425 0.3 0.423438 0.3 0.420312 0.298438 0.41875 0.298438 0.417188 0.29375 0.4125 0.292188 0.4125 0.290625 0.410937 0.289062 0.410937 0.2875 0.409375 0.285937 0.409375 0.284375 0.407813 0.28125 0.407813 0.279687 0.40625 0.278125 0.40625 0.275 0.403125 0.275 0.4 0.273438 0.398438 0.273438 0.390625 0.271875 0.389062 0.271875 0.3875 0.270312 0.385938 0.270312 0.378125 0.240625 0.378125 0.240625 0.384375 0.239063 0.385938 0.239063 0.3875 0.235938 0.390625 0.235938 0.392188 0.234375 0.39375 0.228125 0.39375 0.225 0.390625 0.225 0.389062 0.221875 0.385938 0.221875 0.384375 0.220313 0.382812 0.220313 0.378125 0.866948
1 0.948438 0.703125 0.948438 0.709375 0.95 0.710938 0.95 0.715625 0.953125 0.71875 0.953125 0.720312 0.954687 0.721875 0.954687 0.726562 0.953125 0.728125 0.953125 0.729688 0.939062 0.74375 0.934375 0.74375 0.934375 0.778125 0.939062 0.778125 0.942187 0.78125 0.942187 0.795313 0.94375 0.796875 0.94375 0.8 0.946875 0.803125 0.957812 0.803125 0.959375 0.801562 0.965625 0.801562 0.967188 0.803125 0.967188 0.804688 0.96875 0.80625 0.96875 0.807813 0.970312 0.809375 0.970312 0.8125 0.971875 0.814062 0.971875 0.820312 0.992188 0.820312 0.992188 0.814062 0.99375 0.8125 0.99375 0.810938 0.995313 0.809375 0.995313 0.801562 0.99375 0.8 0.99375 0.79375 0.996875 0.790625 0.998438 0.790625 0.998438 0.7125 0.984375 0.7125 0.98125 0.709375 0.98125 0.703125 0.85277
1 0.889063 0.840625 0.889063 0.85625 0.8875 0.857813 0.8875 0.859375 0.885938 0.860937 0.885938 0.8625 0.884375 0.864062 0.884375 0.867188 0.882812 0.86875 0.882812 0.873438 0.88125 0.875 0.88125 0.878125 0.875 0.884375 0.873438 0.884375 0.870313 0.8875 0.865625 0.8875 0.865625 0.920313 0.870313 0.920313 0.871875 0.91875 0.879687 0.91875 0.88125 0.920313 0.884375 0.920313 0.885938 0.921875 0.889063 0.921875 0.890625 0.923437 0.896875 0.923437 0.898438 0.921875 0.9 0.921875 0.903125 0.91875 0.903125 0.917188 0.904688 0.915625 0.904688 0.914062 0.90625 0.9125 0.90625 0.910937 0.910937 0.90625 0.920313 0.90625 0.921875 0.907812 0.923437 0.907812 0.925 0.909375 0.934375 0.909375 0.939062 0.904688 0.939062 0.895312 0.9375 0.89375 0.9375 0.884375 0.940625 0.88125 0.942187 0.88125 0.94375 0.879687 0.954687 0.879687 0.95625 0.878125 0.957812 0.878125 0.959375 0.876562 0.959375 0.875 0.9625 0.871875 0.9625 0.8625 0.960938 0.860937 0.960938 0.859375 0.957812 0.85625 0.95625 0.85625 0.953125 0.853125 0.951563 0.853125 0.95 0.851562 0.948438 0.851562 0.946875 0.85 0.942187 0.85 0.940625 0.848437 0.939062 0.848437 0.9375 0.85 0.929688 0.85 0.928125 0.851562 0.926562 0.85 0.925 0.85 0.920313 0.845312 0.920313 0.840625 0.741214
1 0.409375 0.490625 0.409375 0.551562 0.415625 0.551562 0.417188 0.553125 0.417188 0.554688 0.41875 0.55625 0.41875 0.5625 0.420312 0.564062 0.420312 0.567187 0.421875 0.56875 0.421875 0.571875 0.423438 0.573438 0.423438 0.575 0.428125 0.579687 0.429688 0.579687 0.434375 0.584375 0.434375 0.589063 0.448438 0.589063 0.448438 0.582812 0.45 0.58125 0.45 0.579687 0.451562 0.578125 0.451562 0.576563 0.453125 0.575 0.45625 0.575 0.457812 0.573438 0.459375 0.573438 0.464063 0.56875 0.470313 0.56875 0.470313 0.554688 0.465625 0.554688 0.4625 0.551562 0.4625 0.548437 0.460938 0.546875 0.460938 0.545313 0.465625 0.540625 0.470313 0.540625 0.470313 0.539062 0.464063 0.539062 0.4625 0.5375 0.460938 0.5375 0.459375 0.535937 0.459375 0.534375 0.457812 0.532812 0.457812 0.529688 0.45625 0.528125 0.45625 0.523438 0.454688 0.521875 0.454688 0.520312 0.453125 0.51875 0.451562 0.51875 0.45 0.517187 0.448438 0.517187 0.445312 0.514063 0.445312 0.50625 0.446875 0.504687 0.446875 0.501562 0.445312 0.5 0.445312 0.498437 0.442187 0.495313 0.442187 0.490625 0.691128
1 0.321875 0.715625 0.321875 0.721875 0.315625 0.728125 0.314063 0.728125 0.3125 0.729688 0.310937 0.729688 0.309375 0.73125 0.303125 0.73125 0.303125 0.782812 0.309375 0.782812 0.310937 0.784375 0.310937 0.789062 0.332812 0.789062 0.332812 0.784375 0.334375 0.782812 0.335938 0.784375 0.335938 0.789062 0.346875 0.789062 0.346875 0.784375 0.35 0.78125 0.35 0.779688 0.351562 0.778125 0.351562 0.770312 0.35 0.76875 0.35 0.760938 0.351562 0.759375 0.351562 0.734375 0.35 0.732813 0.35 0.721875 0.348437 0.720312 0.348437 0.715625 0.658949
0 0.040625 0.478125 0.040625 0.507812 0.059375 0.507812 0.059375 0.503125 0.0609375 0.501562 0.0609375 0.5 0.0625 0.498437 0.0625 0.478125 0.635513
1 0.120312 0.534375 0.120312 0.54375 0.121875 0.545313 0.121875 0.554688 0.120312 0.55625 0.120312 0.557813 0.114063 0.564062 0.109375 0.564062 0.109375 0.609375 0.117188 0.609375 0.11875 0.607813 0.121875 0.607813 0.121875 0.60625 0.123438 0.604688 0.123438 0.603125 0.125 0.601562 0.129688 0.601562 0.132812 0.604688 0.132812 0.60625 0.134375 0.60625 0.134375 0.604688 0.135937 0.603125 0.135937 0.6 0.1375 0.598437 0.1375 0.596875 0.142188 0.592188 0.14375 0.592188 0.146875 0.589063 0.148438 0.589063 0.15 0.5875 0.157813 0.5875 0.159375 0.589063 0.160938 0.589063 0.1625 0.590625 0.164062 0.590625 0.165625 0.592188 0.167187 0.592188 0.16875 0.59375 0.170312 0.59375 0.171875 0.595312 0.173438 0.595312 0.175 0.596875 0.176563 0.596875 0.178125 0.598437 0.179688 0.598437 0.18125 0.6 0.184375 0.6 0.1875 0.596875 0.189063 0.596875 0.189063 0.595312 0.190625 0.59375 0.190625 0.590625 0.192188 0.589063 0.192188 0.584375 0.19375 0.582812 0.19375 0.58125 0.195312 0.579687 0.196875 0.579687 0.198437 0.58125 0.2 0.58125 0.201562 0.582812 0.2125 0.582812 0.214062 0.58125 0.217187 0.58125 0.21875 0.579687 0.220313 0.579687 0.223438 0.576563 0.223438 0.570312 0.21875 0.565625 0.217187 0.565625 0.214062 0.5625 0.2125 0.5625 0.210938 0.560938 0.210938 0.55625 0.209375 0.554688 0.209375 0.551562 0.207813 0.55 0.207813 0.551562 0.203125 0.55625 0.201562 0.55625 0.2 0.557813 0.196875 0.557813 0.195312 0.559375 0.190625 0.559375 0.189063 0.557813 0.1875 0.557813 0.184375 0.554688 0.182812 0.554688 0.179688 0.551562 0.178125 0.551562 0.176563 0.55 0.175 0.55 0.173438 0.548437 0.171875 0.548437 0.170312 0.546875 0.167187 0.546875 0.165625 0.545313 0.1625 0.545313 0.160938 0.54375 0.15625 0.54375 0.154687 0.542188 0.151562 0.542188 0.148438 0.539062 0.148438 0.534375 0.619561
1 0.4875 0.528125 0.4875 0.532812 0.482812 0.5375 0.482812 0.539062 0.48125 0.540625 0.48125 0.542188 0.478125 0.545313 0.478125 0.546875 0.476562 0.548437 0.471875 0.548437 0.471875 0.554688 0.476562 0.554688 0.478125 0.55625 0.478125 0.565625 0.476562 0.567187 0.471875 0.567187 0.471875 0.584375 0.478125 0.584375 0.485938 0.592188 0.4875 0.592188 0.489062 0.59375 0.490625 0.59375 0.492188 0.595312 0.498437 0.595312 0.5 0.596875 0.501562 0.596875 0.50625 0.601562 0.50625 0.604688 0.507812 0.60625 0.507812 0.607813 0.509375 0.609375 0.523438 0.609375 0.525 0.610937 0.529688 0.610937 0.53125 0.6125 0.534375 0.6125 0.5375 0.615625 0.5375 0.620313 0.545313 0.620313 0.545313 0.615625 0.546875 0.614062 0.546875 0.6125 0.548437 0.610937 0.548437 0.609375 0.55 0.607813 0.55 0.595312 0.548437 0.59375 0.548437 0.589063 0.546875 0.5875 0.546875 0.571875 0.548437 0.570312 0.548437 0.559375 0.55 0.557813 0.55 0.55625 0.551562 0.554688 0.557813 0.554688 0.557813 0.528125 0.535937 0.528125 0.535937 0.534375 0.5375 0.535937 0.5375 0.55 0.535937 0.551562 0.535937 0.554688 0.534375 0.55625 0.532812 0.554688 0.532812 0.551562 0.53125 0.55 0.53125 0.546875 0.525 0.540625 0.525 0.5375 0.523438 0.535937 0.523438 0.528125 0.619329
1 0.717188 0.934375 0.717188 0.942187 0.715625 0.94375 0.715625 0.946875 0.714063 0.948438 0.714063 0.951563 0.7125 0.953125 0.7125 0.954687 0.710938 0.95625 0.710938 0.959375 0.709375 0.960938 0.709375 0.965625 0.707812 0.967188 0.707812 0.970312 0.703125 0.975 0.696875 0.975 0.696875 0.998438 0.76875 0.998438 0.76875 0.989062 0.770312 0.9875 0.776563 0.9875 0.776563 0.976562 0.770312 0.976562 0.764063 0.970312 0.7625 0.970312 0.753125 0.960938 0.753125 0.946875 0.751562 0.945312 0.751562 0.94375 0.75 0.942187 0.75 0.934375 0.608476
1 0.121875 0.739062 0.120312 0.740625 0.117188 0.740625 0.115625 0.742188 0.110937 0.742188 0.109375 0.74375 0.10625 0.74375 0.104687 0.745313 0.103125 0.745313 0.101562 0.746875 0.101562 0.75 0.1 0.751562 0.101562 0.753125 0.114063 0.753125 0.115625 0.754687 0.120312 0.754687 0.121875 0.75625 0.123438 0.75625 0.125 0.754687 0.128125 0.754687 0.129688 0.75625 0.13125 0.75625 0.132812 0.757812 0.132812 0.764063 0.151562 0.764063 0.151562 0.745313 0.145313 0.745313 0.14375 0.74375 0.142188 0.74375 0.140625 0.742188 0.134375 0.742188 0.13125 0.739062 0.121875 0.739062 0.115625 0.715625 0.117188 0.714063 0.117188 0.7125 0.11875 0.710938 0.11875 0.709375 0.120312 0.707812 0.121875 0.707812 0.123438 0.70625 0.125 0.70625 0.126563 0.704687 0.128125 0.704687 0.129688 0.703125 0.132812 0.703125 0.134375 0.701563 0.135937 0.701563 0.135937 0.7 0.1375 0.698438 0.1375 0.69375 0.135937 0.692187 0.135937 0.685938 0.134375 0.684375 0.135937 0.682813 0.135937 0.679688 0.1375 0.678125 0.1375 0.676562 0.140625 0.673437 0.140625 0.671875 0.142188 0.670313 0.142188 0.6625 0.14375 0.660937 0.14375 0.657812 0.146875 0.654688 0.151562 0.654688 0.151562 0.628125 0.123438 0.628125 0.123438 0.632812 0.120312 0.635938 0.120312 0.639063 0.11875 0.640625 0.11875 0.642187 0.115625 0.645312 0.115625 0.65 0.114063 0.651563 0.114063 0.664062 0.115625 0.665625 0.115625 0.667188 0.117188 0.66875 0.117188 0.671875 0.115625 0.673437 0.115625 0.675 0.114063 0.676562 0.114063 0.678125 0.110937 0.68125 0.10625 0.68125 0.104687 0.679688 0.103125 0.679688 0.101562 0.678125 0.101562 0.675 0.103125 0.673437 0.103125 0.664062 0.101562 0.664062 0.0984375 0.660937 0.0984375 0.659375 0.0921875 0.653125 0.0921875 0.651563 0.090625 0.65 0.090625 0.648438 0.0828125 0.640625 0.0796875 0.640625 0.078125 0.639063 0.071875 0.639063 0.0703125 0.6375 0.06875 0.6375 0.0671875 0.635938 0.065625 0.635938 0.0625 0.632812 0.0625 0.628125 0.021875 0.628125 0.021875 0.632812 0.0171875 0.6375 0.015625 0.6375 0.0140625 0.639063 0.0125 0.639063 0.0109375 0.640625 0.009375 0.640625 0.0015625 0.648438 0 0.648438 0 0.667188 0.0015625 0.667188 0.0046875 0.670313 0.0046875 0.6875 0.003125 0.689062 0.003125 0.698438 0.0046875 0.7 0.0046875 0.709375 0.0015625 0.7125 0 0.7125 0 0.729688 0.0015625 0.729688 0.003125 0.73125 0.003125 0.742188 0.0046875 0.74375 0.0046875 0.746875 0.0078125 0.75 0.0078125 0.751562 0.0109375 0.751562 0.0140625 0.754687 0.0171875 0.754687 0.01875 0.753125 0.0203125 0.753125 0.0203125 0.748438 0.021875 0.746875 0.021875 0.74375 0.0265625 0.739062 0.0421875 0.739062 0.04375 0.7375 0.04375 0.732813 0.05 0.726562 0.0515625 0.726562 0.053125 0.725 0.0546875 0.725 0.05625 0.723437 0.0578125 0.723437 0.0640625 0.717188 0.0640625 0.703125 0.065625 0.701563 0.065625 0.695312 0.0671875 0.69375 0.0671875 0.689062 0.06875 0.6875 0.06875 0.684375 0.0734375 0.679688 0.078125 0.679688 0.08125 0.682813 0.08125 0.684375 0.0828125 0.685938 0.0828125 0.6875 0.084375 0.689062 0.084375 0.690625 0.0859375 0.690625 0.090625 0.695312 0.090625 0.703125 0.0984375 0.710938 0.1 0.710938 0.103125 0.714063 0.104687 0.714063 0.10625 0.715625 0.107813 0.715625 0.109375 0.717188 0.110937 0.715625 0.115625 0.715625 0.593901
0 0.871875 0.671875 0.871875 0.701563 0.889063 0.701563 0.889063 0.696875 0.895312 0.690625 0.901563 0.690625 0.901563 0.682813 0.896875 0.682813 0.89375 0.679688 0.89375 0.678125 0.892187 0.676562 0.892187 0.671875 0.577414
0 0.240625 0.546875 0.240625 0.567187 0.246875 0.567187 0.248437 0.56875 0.25 0.56875 0.251563 0.570312 0.251563 0.576563 0.254687 0.576563 0.254687 0.571875 0.260938 0.565625 0.260938 0.560938 0.2625 0.559375 0.2625 0.557813 0.260938 0.55625 0.260938 0.553125 0.259375 0.551562 0.259375 0.546875 0.563105
1 0.190625 0.646875 0.190625 0.651563 0.192188 0.653125 0.19375 0.653125 0.195312 0.654688 0.195312 0.657812 0.2 0.6625 0.2 0.665625 0.196875 0.66875 0.19375 0.66875 0.192188 0.670313 0.182812 0.670313 0.18125 0.66875 0.178125 0.66875 0.176563 0.667188 0.175 0.66875 0.170312 0.66875 0.16875 0.670313 0.16875 0.671875 0.167187 0.673437 0.167187 0.675 0.165625 0.676562 0.165625 0.684375 0.164062 0.685938 0.164062 0.6875 0.1625 0.689062 0.1625 0.690625 0.159375 0.69375 0.153125 0.69375 0.153125 0.7125 0.16875 0.7125 0.170312 0.710938 0.171875 0.710938 0.173438 0.709375 0.176563 0.709375 0.178125 0.707812 0.179688 0.709375 0.18125 0.709375 0.182812 0.710938 0.184375 0.710938 0.189063 0.715625 0.189063 0.720312 0.196875 0.720312 0.196875 0.707812 0.195312 0.70625 0.195312 0.704687 0.19375 0.703125 0.19375 0.695312 0.196875 0.692187 0.2 0.692187 0.201562 0.690625 0.20625 0.690625 0.207813 0.689062 0.209375 0.689062 0.21875 0.679688 0.226562 0.679688 0.228125 0.678125 0.229687 0.678125 0.234375 0.673437 0.239063 0.673437 0.239063 0.665625 0.232812 0.665625 0.229687 0.6625 0.229687 0.660937 0.226562 0.657812 0.21875 0.657812 0.217187 0.65625 0.214062 0.65625 0.2125 0.654688 0.2125 0.646875 0.532306
0 0.315625 0.646875 0.315625 0.660937 0.321875 0.660937 0.323438 0.6625 0.328125 0.6625 0.329688 0.660937 0.332812 0.660937 0.335938 0.657812 0.335938 0.646875 0.532097
0 0.534375 0.809375 0.534375 0.832812 0.539062 0.832812 0.540625 0.83125 0.546875 0.83125 0.551562 0.826563 0.551562 0.825 0.553125 0.823438 0.557813 0.823438 0.557813 0.81875 0.553125 0.81875 0.551562 0.817187 0.551562 0.809375 0.522364
1 0.959375 0.926562 0.964063 0.926562 0.964063 0.915625 0.95625 0.915625 0.95625 0.920313 0.957812 0.921875 0.957812 0.923437 0.959375 0.925 0.959375 0.926562 0.953125 0.9375 0.946875 0.93125 0.945312 0.93125 0.94375 0.929688 0.942187 0.929688 0.940625 0.928125 0.940625 0.926562 0.939062 0.925 0.934375 0.925 0.932813 0.923437 0.93125 0.923437 0.929688 0.921875 0.929688 0.915625 0.90625 0.915625 0.90625 0.921875 0.903125 0.925 0.903125 0.926562 0.896875 0.932813 0.890625 0.932813 0.890625 0.951563 0.895312 0.951563 0.896875 0.953125 0.898438 0.953125 0.9 0.954687 0.90625 0.954687 0.907812 0.95625 0.909375 0.95625 0.910937 0.954687 0.910937 0.953125 0.914062 0.95 0.921875 0.95 0.923437 0.951563 0.923437 0.95625 0.921875 0.957812 0.920313 0.957812 0.91875 0.959375 0.914062 0.959375 0.9125 0.960938 0.909375 0.960938 0.907812 0.9625 0.907812 0.964063 0.90625 0.965625 0.90625 0.96875 0.904688 0.970312 0.907812 0.973437 0.910937 0.973437 0.9125 0.975 0.917188 0.975 0.920313 0.978125 0.920313 0.982813 0.946875 0.982813 0.946875 0.973437 0.948438 0.971875 0.948438 0.970312 0.946875 0.96875 0.946875 0.967188 0.945312 0.965625 0.945312 0.959375 0.953125 0.951563 0.953125 0.946875 0.954687 0.945312 0.953125 0.94375 0.953125 0.9375 0.509326
1 0.759375 0.759375 0.759375 0.778125 0.765625 0.778125 0.767187 0.779688 0.771875 0.779688 0.773438 0.78125 0.776563 0.78125 0.779688 0.784375 0.779688 0.789062 0.807813 0.789062 0.807813 0.782812 0.809375 0.78125 0.814062 0.78125 0.814062 0.770312 0.807813 0.770312 0.80625 0.76875 0.804688 0.76875 0.801562 0.765625 0.8 0.765625 0.798437 0.764063 0.798437 0.759375 0.785937 0.759375 0.785937 0.764063 0.784375 0.765625 0.782812 0.764063 0.782812 0.759375 0.503881
