1 0.175 0.059375 0.175 0.0640625 0.173438 0.065625 0.173438 0.0671875 0.167187 0.0734375 0.165625 0.0734375 0.164062 0.075 0.159375 0.075 0.159375 0.0984375 0.164062 0.0984375 0.165625 0.1 0.167187 0.1 0.16875 0.101562 0.170312 0.101562 0.171875 0.103125 0.173438 0.103125 0.176563 0.10625 0.179688 0.10625 0.182812 0.109375 0.18125 0.110937 0.18125 0.114063 0.178125 0.117188 0.178125 0.11875 0.176563 0.120312 0.176563 0.123438 0.175 0.125 0.175 0.126563 0.178125 0.129688 0.179688 0.129688 0.18125 0.13125 0.182812 0.13125 0.184375 0.132812 0.185937 0.132812 0.1875 0.134375 0.1875 0.139062 0.207813 0.139062 0.207813 0.134375 0.214062 0.128125 0.214062 0.126563 0.215625 0.125 0.217187 0.125 0.220313 0.121875 0.220313 0.11875 0.221875 0.117188 0.221875 0.115625 0.223438 0.114063 0.225 0.114063 0.226562 0.1125 0.228125 0.1125 0.229687 0.110937 0.23125 0.110937 0.232812 0.109375 0.235938 0.109375 0.2375 0.107813 0.2375 0.090625 0.235938 0.0890625 0.235938 0.0875 0.234375 0.0859375 0.234375 0.0828125 0.225 0.0734375 0.223438 0.0734375 0.221875 0.071875 0.220313 0.071875 0.2125 0.0640625 0.2125 0.059375 0.779279
1 0.573438 0.153125 0.573438 0.159375 0.571875 0.160938 0.571875 0.165625 0.573438 0.167187 0.573438 0.170312 0.575 0.171875 0.573438 0.173438 0.573438 0.175 0.571875 0.176563 0.567187 0.176563 0.565625 0.178125 0.564062 0.176563 0.560938 0.176563 0.559375 0.175 0.546875 0.175 0.546875 0.184375 0.551562 0.184375 0.553125 0.185937 0.557813 0.185937 0.559375 0.1875 0.560938 0.1875 0.5625 0.189063 0.564062 0.189063 0.565625 0.190625 0.56875 0.190625 0.570312 0.192188 0.575 0.192188 0.576563 0.19375 0.578125 0.19375 0.579687 0.195312 0.579687 0.210938 0.578125 0.2125 0.578125 0.214062 0.576563 0.215625 0.576563 0.217187 0.575 0.21875 0.575 0.220313 0.573438 0.221875 0.573438 0.225 0.571875 0.226562 0.571875 0.234375 0.570312 0.235938 0.570312 0.240625 0.56875 0.242188 0.56875 0.245312 0.567187 0.246875 0.567187 0.248437 0.5625 0.253125 0.5625 0.254687 0.55625 0.260938 0.55625 0.264062 0.554688 0.265625 0.554688 0.26875 0.553125 0.270312 0.553125 0.275 0.554688 0.276563 0.554688 0.28125 0.55625 0.282813 0.55625 0.296875 0.553125 0.3 0.546875 0.3 0.546875 0.314063 0.585938 0.314063 0.585938 0.295312 0.589063 0.292188 0.590625 0.292188 0.592188 0.290625 0.595312 0.290625 0.603125 0.282813 0.603125 0.271875 0.607813 0.267188 0.6125 0.267188 0.614062 0.26875 0.617188 0.26875 0.61875 0.270312 0.629687 0.270312 0.63125 0.26875 0.639063 0.26875 0.639063 0.248437 0.63125 0.248437 0.629687 0.246875 0.625 0.246875 0.623438 0.245312 0.621875 0.245312 0.620313 0.24375 0.61875 0.24375 0.615625 0.240625 0.61875 0.2375 0.620313 0.2375 0.625 0.232812 0.625 0.23125 0.628125 0.228125 0.628125 0.217187 0.626562 0.215625 0.626562 0.214062 0.625 0.2125 0.625 0.209375 0.623438 0.207813 0.623438 0.2 0.621875 0.198437 0.621875 0.195312 0.615625 0.189063 0.614062 0.189063 0.6125 0.1875 0.610937 0.1875 0.609375 0.185937 0.607813 0.185937 0.60625 0.184375 0.60625 0.182812 0.604688 0.18125 0.604688 0.179688 0.603125 0.178125 0.603125 0.175 0.604688 0.173438 0.604688 0.170312 0.603125 0.16875 0.603125 0.164062 0.6 0.160938 0.6 0.159375 0.598437 0.157813 0.598437 0.153125 0.753699
1 0.404687 0.059375 0.404687 0.06875 0.401563 0.071875 0.396875 0.071875 0.396875 0.1 0.404687 0.1 0.407813 0.103125 0.407813 0.107813 0.428125 0.107813 0.428125 0.103125 0.432813 0.0984375 0.442187 0.0984375 0.44375 0.1 0.445312 0.1 0.448438 0.103125 0.448438 0.107813 0.457812 0.107813 0.457812 0.101562 0.459375 0.1 0.459375 0.0984375 0.4625 0.0953125 0.4625 0.0921875 0.464063 0.090625 0.464063 0.084375 0.4625 0.0828125 0.4625 0.08125 0.460938 0.0796875 0.460938 0.078125 0.457812 0.075 0.457812 0.0734375 0.45625 0.0734375 0.453125 0.0703125 0.451562 0.0703125 0.45 0.06875 0.439063 0.06875 0.4375 0.0671875 0.434375 0.0671875 0.43125 0.0640625 0.43125 0.059375 0.75256
1 0.739062 0.0234375 0.745313 0.0234375 0.745313 0.0125 0.739062 0.0125 0.739062 0.0140625 0.7375 0.015625 0.7375 0.021875 0.739062 0.0234375 0.735937 0.0265625 0.734375 0.0265625 0.73125 0.0234375 0.729688 0.0234375 0.720312 0.0140625 0.71875 0.0140625 0.717188 0.0125 0.715625 0.0125 0.714063 0.0109375 0.709375 0.0109375 0.70625 0.0078125 0.70625 0.003125 0.659375 0.003125 0.659375 0.0171875 0.664062 0.0171875 0.665625 0.01875 0.667188 0.01875 0.676562 0.028125 0.676562 0.0296875 0.678125 0.03125 0.678125 0.0328125 0.679688 0.034375 0.679688 0.0359375 0.682813 0.0390625 0.682813 0.0421875 0.684375 0.04375 0.684375 0.046875 0.6875 0.05 0.6875 0.0515625 0.689062 0.053125 0.692187 0.053125 0.69375 0.0546875 0.70625 0.0546875 0.707812 0.053125 0.709375 0.053125 0.710938 0.0546875 0.7125 0.0546875 0.714063 0.05625 0.715625 0.05625 0.71875 0.059375 0.71875 0.0640625 0.7375 0.0640625 0.7375 0.0453125 0.740625 0.0421875 0.745313 0.0421875 0.745313 0.03125 0.740625 0.03125 0.735937 0.0265625 0.693929
1 0.90625 0.915625 0.90625 0.920313 0.898438 0.928125 0.896875 0.928125 0.896875 0.929688 0.89375 0.932813 0.89375 0.935938 0.892187 0.9375 0.892187 0.940625 0.8875 0.945312 0.885938 0.945312 0.884375 0.946875 0.882812 0.946875 0.88125 0.948438 0.879687 0.948438 0.875 0.953125 0.875 0.957812 0.873438 0.959375 0.873438 0.960938 0.875 0.9625 0.875 0.970312 0.873438 0.971875 0.873438 0.975 0.870313 0.978125 0.865625 0.978125 0.865625 0.998438 0.915625 0.998438 0.915625 0.985937 0.917188 0.984375 0.917188 0.982813 0.923437 0.976562 0.925 0.976562 0.926562 0.975 0.928125 0.975 0.93125 0.971875 0.932813 0.971875 0.94375 0.960938 0.945312 0.960938 0.946875 0.959375 0.946875 0.95625 0.948438 0.954687 0.948438 0.948438 0.95 0.946875 0.95 0.945312 0.948438 0.94375 0.948438 0.942187 0.946875 0.942187 0.94375 0.939062 0.94375 0.9375 0.942187 0.9375 0.940625 0.935938 0.939062 0.935938 0.935938 0.932813 0.935938 0.93125 0.932813 0.928125 0.932813 0.925 0.93125 0.923437 0.93125 0.915625 0.670147
1 0.714063 0.128125 0.714063 0.134375 0.7125 0.135937 0.7125 0.146875 0.707812 0.151562 0.703125 0.151562 0.701563 0.153125 0.7 0.153125 0.69375 0.159375 0.692187 0.159375 0.690625 0.160938 0.685938 0.160938 0.684375 0.159375 0.671875 0.159375 0.671875 0.182812 0.690625 0.182812 0.69375 0.179688 0.69375 0.178125 0.696875 0.175 0.709375 0.175 0.710938 0.176563 0.714063 0.176563 0.715625 0.178125 0.717188 0.178125 0.720312 0.18125 0.720312 0.210938 0.71875 0.2125 0.71875 0.214062 0.717188 0.215625 0.717188 0.217187 0.714063 0.220313 0.714063 0.221875 0.7125 0.223438 0.7125 0.226562 0.710938 0.228125 0.710938 0.232812 0.709375 0.234375 0.709375 0.239063 0.707812 0.240625 0.707812 0.242188 0.703125 0.246875 0.703125 0.248437 0.701563 0.25 0.701563 0.259375 0.707812 0.265625 0.709375 0.265625 0.710938 0.267188 0.7375 0.267188 0.739062 0.26875 0.74375 0.26875 0.746875 0.271875 0.746875 0.276563 0.751562 0.276563 0.751562 0.26875 0.75 0.267188 0.75 0.264062 0.751562 0.2625 0.751562 0.259375 0.753125 0.257812 0.753125 0.251563 0.759375 0.245312 0.760938 0.245312 0.764063 0.242188 0.770312 0.242188 0.771875 0.240625 0.773438 0.240625 0.775 0.239063 0.776563 0.239063 0.778125 0.2375 0.778125 0.235938 0.78125 0.232812 0.782812 0.232812 0.784375 0.23125 0.7875 0.23125 0.789062 0.229687 0.790625 0.229687 0.79375 0.226562 0.79375 0.220313 0.792188 0.21875 0.792188 0.215625 0.790625 0.214062 0.790625 0.2125 0.784375 0.20625 0.782812 0.20625 0.78125 0.204688 0.779688 0.204688 0.778125 0.203125 0.76875 0.203125 0.767187 0.201562 0.765625 0.201562 0.7625 0.198437 0.7625 0.196875 0.75625 0.190625 0.75625 0.18125 0.757812 0.179688 0.757812 0.16875 0.75625 0.167187 0.75625 0.164062 0.754687 0.1625 0.754687 0.151562 0.75625 0.15 0.75625 0.145313 0.751562 0.140625 0.751562 0.139062 0.748438 0.135937 0.748438 0.128125 0.7375 0.128125 0.7375 0.134375 0.735937 0.135937 0.734375 0.135937 0.732813 0.1375 0.73125 0.1375 0.729688 0.135937 0.726562 0.135937 0.725 0.134375 0.725 0.128125 0.657866
0 0.059375 0.409375 0.059375 0.426562 0.0765625 0.426562 0.0765625 0.415625 0.078125 0.414062 0.0828125 0.414062 0.0828125 0.409375 0.650792
0 0.884375 0.790625 0.884375 0.814062 0.903125 0.814062 0.903125 0.809375 0.90625 0.80625 0.90625 0.804688 0.909375 0.801562 0.914062 0.801562 0.909375 0.801562 0.907812 0.8 0.907812 0.790625 0.623404
1 0.428125 0.446875 0.428125 0.471875 0.434375 0.471875 0.435937 0.470313 0.440625 0.470313 0.442187 0.471875 0.446875 0.471875 0.448438 0.473437 0.454688 0.473437 0.45625 0.475 0.4625 0.475 0.464063 0.476562 0.464063 0.478125 0.457812 0.484375 0.457812 0.489062 0.459375 0.490625 0.459375 0.492188 0.460938 0.49375 0.460938 0.495313 0.467187 0.501562 0.46875 0.501562 0.470313 0.503125 0.471875 0.503125 0.473437 0.504687 0.475 0.504687 0.476562 0.50625 0.482812 0.50625 0.492188 0.496875 0.492188 0.495313 0.5 0.4875 0.501562 0.4875 0.503125 0.485938 0.504687 0.485938 0.50625 0.484375 0.507812 0.484375 0.509375 0.482812 0.509375 0.48125 0.510938 0.479688 0.510938 0.478125 0.5125 0.476562 0.5125 0.475 0.514063 0.473437 0.514063 0.471875 0.515625 0.470313 0.515625 0.464063 0.514063 0.464063 0.5125 0.4625 0.510938 0.4625 0.509375 0.460938 0.50625 0.460938 0.504687 0.4625 0.498437 0.4625 0.496875 0.464063 0.4875 0.464063 0.482812 0.459375 0.48125 0.459375 0.479688 0.457812 0.476562 0.457812 0.475 0.45625 0.473437 0.45625 0.471875 0.454688 0.467187 0.454688 0.464063 0.451562 0.464063 0.446875 0.604645
1 0.090625 0.934375 0.090625 0.957812 0.0953125 0.957812 0.096875 0.959375 0.096875 0.960938 0.0953125 0.9625 0.090625 0.9625 0.090625 0.964063 0.0953125 0.964063 0.1 0.96875 0.1 0.970312 0.101562 0.971875 0.101562 0.973437 0.10625 0.978125 0.10625 0.982813 0.110937 0.9875 0.1125 0.9875 0.115625 0.990625 0.115625 0.995313 0.121875 0.995313 0.121875 0.989062 0.123438 0.9875 0.125 0.9875 0.126563 0.985937 0.129688 0.985937 0.13125 0.984375 0.1375 0.984375 0.139062 0.982813 0.140625 0.982813 0.142188 0.98125 0.14375 0.98125 0.145313 0.979688 0.146875 0.979688 0.153125 0.973437 0.157813 0.973437 0.157813 0.960938 0.153125 0.960938 0.14375 0.951563 0.140625 0.951563 0.139062 0.95 0.1375 0.95 0.135937 0.948438 0.134375 0.948438 0.125 0.939062 0.125 0.934375 0.600815
0 0.890625 0.846875 0.890625 0.870313 0.896875 0.870313 0.9 0.873438 0.901563 0.873438 0.903125 0.875 0.904688 0.873438 0.90625 0.873438 0.910937 0.86875 0.910937 0.867188 0.9125 0.865625 0.9125 0.846875 0.577022
1 0.134375 0.003125 0.134375 0.034375 0.140625 0.034375 0.142188 0.0359375 0.14375 0.0359375 0.145313 0.0375 0.148438 0.0375 0.15 0.0390625 0.151562 0.0390625 0.153125 0.040625 0.154687 0.040625 0.15625 0.0421875 0.171875 0.0421875 0.173438 0.040625 0.179688 0.040625 0.18125 0.0421875 0.192188 0.0421875 0.19375 0.04375 0.201562 0.04375 0.201562 0.0328125 0.196875 0.0328125 0.195312 0.03125 0.19375 0.03125 0.190625 0.028125 0.189063 0.028125 0.1875 0.0265625 0.185937 0.0265625 0.182812 0.0234375 0.179688 0.0234375 0.176563 0.0203125 0.176563 0.01875 0.175 0.0171875 0.175 0.015625 0.170312 0.0109375 0.167187 0.0109375 0.164062 0.0078125 0.164062 0.003125 0.569787
0 0.878125 0.646875 0.878125 0.670313 0.884375 0.670313 0.885938 0.66875 0.889063 0.66875 0.890625 0.667188 0.890625 0.665625 0.892187 0.664062 0.892187 0.660937 0.89375 0.659375 0.89375 0.646875 0.566549
1 0.0703125 0.665625 0.0703125 0.671875 0.0671875 0.675 0.0671875 0.676562 0.0609375 0.682813 0.0609375 0.684375 0.059375 0.685938 0.059375 0.6875 0.0578125 0.689062 0.0578125 0.692187 0.05625 0.69375 0.05625 0.703125 0.0546875 0.704687 0.0546875 0.70625 0.0515625 0.709375 0.046875 0.709375 0.046875 0.745313 0.06875 0.745313 0.06875 0.7375 0.0671875 0.735937 0.0671875 0.729688 0.06875 0.728125 0.06875 0.720312 0.0703125 0.71875 0.0703125 0.714063 0.071875 0.7125 0.071875 0.707812 0.0734375 0.70625 0.0734375 0.704687 0.0765625 0.701563 0.0875 0.701563 0.0890625 0.703125 0.09375 0.703125 0.0953125 0.701563 0.096875 0.701563 0.1 0.698438 0.101562 0.698438 0.103125 0.696875 0.103125 0.695312 0.104687 0.69375 0.104687 0.692187 0.109375 0.6875 0.110937 0.6875 0.1125 0.685938 0.114063 0.685938 0.115625 0.684375 0.120312 0.684375 0.120312 0.675 0.114063 0.675 0.109375 0.670313 0.109375 0.665625 0.561889
1 0.265625 0.084375 0.265625 0.0984375 0.270312 0.0984375 0.271875 0.096875 0.282813 0.096875 0.284375 0.0984375 0.285937 0.0984375 0.2875 0.1 0.2875 0.101562 0.289062 0.103125 0.290625 0.103125 0.292188 0.104687 0.29375 0.104687 0.296875 0.107813 0.298438 0.107813 0.3 0.109375 0.3 0.114063 0.321875 0.114063 0.321875 0.107813 0.325 0.104687 0.325 0.103125 0.326562 0.101562 0.326562 0.1 0.328125 0.0984375 0.332812 0.0984375 0.332812 0.0953125 0.328125 0.0953125 0.325 0.0921875 0.325 0.084375 0.55457
0 0.021875 0.259375 0.021875 0.273438 0.034375 0.273438 0.0359375 0.271875 0.0359375 0.259375 0.553671
0 0.803125 0.959375 0.803125 0.98125 0.814062 0.98125 0.815625 0.979688 0.817187 0.979688 0.821875 0.975 0.826563 0.975 0.826563 0.959375 0.549807
1 0.414062 0.246875 0.414062 0.253125 0.4125 0.254687 0.4125 0.257812 0.410937 0.259375 0.410937 0.2625 0.409375 0.264062 0.409375 0.265625 0.407813 0.267188 0.403125 0.267188 0.403125 0.314063 0.410937 0.314063 0.4125 0.3125 0.420312 0.3125 0.421875 0.310937 0.421875 0.309375 0.423438 0.307813 0.423438 0.30625 0.425 0.304688 0.425 0.3 0.426562 0.298438 0.426562 0.282813 0.428125 0.28125 0.428125 0.278125 0.429688 0.276563 0.429688 0.273438 0.43125 0.271875 0.43125 0.260938 0.432813 0.259375 0.432813 0.257812 0.43125 0.25625 0.43125 0.246875 0.541338
1 0.695312 0.271875 0.695312 0.278125 0.692187 0.28125 0.690625 0.28125 0.689062 0.282813 0.684375 0.282813 0.684375 0.315625 0.689062 0.315625 0.698438 0.325 0.698438 0.326562 0.701563 0.329688 0.701563 0.33125 0.709375 0.339063 0.7125 0.339063 0.714063 0.340625 0.720312 0.334375 0.721875 0.334375 0.725 0.33125 0.729688 0.33125 0.734375 0.335938 0.734375 0.34375 0.735937 0.345313 0.734375 0.346875 0.734375 0.357812 0.751562 0.357812 0.751562 0.351562 0.75625 0.346875 0.757812 0.346875 0.759375 0.345313 0.75625 0.342187 0.75625 0.335938 0.760938 0.33125 0.7625 0.33125 0.767187 0.326562 0.767187 0.323438 0.76875 0.321875 0.76875 0.314063 0.767187 0.3125 0.767187 0.307813 0.765625 0.30625 0.764063 0.30625 0.7625 0.304688 0.760938 0.304688 0.759375 0.303125 0.757812 0.303125 0.75 0.295312 0.748438 0.295312 0.745313 0.292188 0.74375 0.292188 0.742188 0.290625 0.740625 0.290625 0.7375 0.2875 0.735937 0.2875 0.734375 0.285937 0.728125 0.285937 0.726562 0.2875 0.725 0.2875 0.723437 0.289062 0.71875 0.289062 0.714063 0.284375 0.714063 0.282813 0.7125 0.28125 0.7125 0.279687 0.710938 0.278125 0.710938 0.271875 0.534624
0 0.134375 0.271875 0.134375 0.289062 0.140625 0.289062 0.142188 0.290625 0.142188 0.295312 0.148438 0.295312 0.148438 0.289062 0.153125 0.284375 0.157813 0.284375 0.157813 0.271875 0.523732
1 0.265625 0.821875 0.265625 0.83125 0.270312 0.83125 0.271875 0.832812 0.273438 0.832812 0.275 0.834375 0.276563 0.834375 0.28125 0.839063 0.28125 0.842188 0.282813 0.84375 0.282813 0.85 0.2875 0.854688 0.289062 0.854688 0.298438 0.864062 0.298438 0.865625 0.301562 0.86875 0.301562 0.876562 0.309375 0.876562 0.309375 0.871875 0.310937 0.870313 0.310937 0.867188 0.3125 0.865625 0.3125 0.8625 0.317187 0.857813 0.323438 0.857813 0.325 0.859375 0.328125 0.859375 0.332812 0.864062 0.332812 0.867188 0.334375 0.86875 0.334375 0.876562 0.348437 0.876562 0.348437 0.859375 0.346875 0.857813 0.346875 0.854688 0.345313 0.853125 0.345313 0.851562 0.34375 0.85 0.34375 0.848437 0.342187 0.846875 0.342187 0.845312 0.340625 0.84375 0.340625 0.839063 0.335938 0.834375 0.334375 0.834375 0.332812 0.832812 0.323438 0.832812 0.321875 0.83125 0.317187 0.83125 0.315625 0.829687 0.3125 0.829687 0.309375 0.826563 0.309375 0.821875 0.513208
1 0.815625 0.671875 0.815625 0.684375 0.821875 0.684375 0.823438 0.685938 0.826563 0.685938 0.828125 0.6875 0.829687 0.6875 0.83125 0.689062 0.832812 0.689062 0.834375 0.690625 0.839063 0.690625 0.840625 0.692187 0.842188 0.692187 0.85 0.7 0.85 0.701563 0.853125 0.704687 0.854688 0.704687 0.85625 0.70625 0.857813 0.70625 0.860937 0.709375 0.860937 0.714063 0.873438 0.714063 0.873438 0.709375 0.875 0.707812 0.875 0.70625 0.878125 0.703125 0.882812 0.703125 0.882812 0.701563 0.878125 0.701563 0.875 0.698438 0.875 0.69375 0.873438 0.692187 0.873438 0.689062 0.871875 0.6875 0.871875 0.684375 0.867188 0.679688 0.865625 0.679688 0.864062 0.678125 0.864062 0.671875 0.512445
0 0.784375 0.434375 0.784375 0.464063 0.795313 0.464063 0.795313 0.459375 0.798437 0.45625 0.798437 0.454688 0.803125 0.45 0.807813 0.45 0.807813 0.44375 0.803125 0.44375 0.801562 0.442187 0.801562 0.434375 0.512205
